t = 0
b = 29 29 29
E = 0 0 0
-3.699040 4.154181 -0.934516 -0.208638 0.407955 0.888843 0.298057 -0.646474 -0.702306 0 0 0 0 0 0 
-3.423041 3.873064 -0.873414 0.835142 0.412137 0.364254 -0.779903 -0.434857 -0.450167 0 0 0 0 0 0 
-3.562189 3.755557 -0.516161 0.812051 0.573112 0.110071 -0.878089 -0.441158 -0.185310 0 0 0 0 0 0 
-3.895572 3.624563 -0.703217 -0.460958 0.607834 0.646573 0.336093 -0.640484 -0.690523 0 0 0 0 0 0 
-3.717059 3.435238 -1.009683 0.523721 0.847086 0.090341 -0.316340 0.286398 -0.904381 0 0 0 0 0 0 
-3.481456 3.227788 -0.746795 0.484575 0.362071 0.796298 -0.529387 -0.505274 -0.681504 0 0 0 0 0 0 
-3.793743 3.142353 -0.515851 0.911614 -0.236423 -0.336249 0.209052 -0.939857 -0.270124 0 0 0 0 0 0 
-3.993082 2.982992 -0.868661 -0.925227 -0.293344 -0.240634 0.301584 -0.659897 0.688174 0 0 0 0 0 0 
-3.708823 2.771611 -1.078781 0.587407 0.115321 -0.801033 0.607015 0.335026 -0.720618 0 0 0 0 0 0 
-3.486913 2.661834 -0.723546 -0.534183 0.553667 -0.638828 -0.442926 0.749490 -0.492017 0 0 0 0 0 0 
-3.157478 2.556241 -0.931647 -0.569762 0.557838 0.603479 0.433377 -0.795835 -0.422884 0 0 0 0 0 0 
-2.871828 2.753946 -1.086298 -0.003117 -0.771758 0.635909 -0.675214 0.411349 -0.612273 0 0 0 0 0 0 
-2.607871 2.533696 -1.346159 -0.829613 0.549387 0.099586 -0.110575 0.064641 -0.991763 0 0 0 0 0 0 
-2.224906 2.656952 -1.209591 0.898711 0.383599 -0.212533 0.861494 0.410112 -0.299393 0 0 0 0 0 0 
-2.045994 2.621496 -1.572787 0.727666 0.199194 -0.656372 0.877897 -0.010373 -0.478738 0 0 0 0 0 0 
-1.662856 2.556210 -1.562365 0.871924 0.203117 -0.445524 0.802807 0.043727 -0.594634 0 0 0 0 0 0 
-1.490138 2.445503 -1.930673 0.390783 0.899404 0.195860 -0.186068 0.287111 -0.939652 0 0 0 0 0 0 
-1.128121 2.476853 -2.097528 0.767840 -0.102399 0.632405 -0.754132 0.233111 -0.613957 0 0 0 0 0 0 
-1.273284 2.660548 -2.434594 0.428682 0.326818 -0.842272 0.543211 0.445830 -0.711447 0 0 0 0 0 0 
-1.529718 2.905246 -2.577275 -0.157472 -0.197336 -0.967606 -0.276126 0.314855 -0.908086 0 0 0 0 0 0 
-1.666563 2.609413 -2.834792 0.253317 -0.548943 -0.796550 0.651238 -0.285984 -0.702924 0 0 0 0 0 0 
-1.699109 2.327359 -2.545281 -0.534705 0.525925 0.661433 0.354156 -0.738134 -0.574223 0 0 0 0 0 0 
-1.868476 2.603536 -2.297400 0.918193 0.255118 -0.303045 0.957940 -0.222612 -0.181092 0 0 0 0 0 0 
-2.153853 2.696714 -2.596831 0.199769 0.097077 -0.975022 0.430368 0.033400 -0.902036 0 0 0 0 0 0 
-2.240568 2.293166 -2.680613 0.858634 0.180684 -0.479688 0.877480 0.067677 -0.474815 0 0 0 0 0 0 
-2.274980 2.225363 -2.299633 0.504935 -0.835221 0.217821 -0.619841 0.214009 -0.754981 0 0 0 0 0 0 
-2.533734 2.560199 -2.211614 0.912556 -0.270191 0.306984 -0.840966 0.448832 -0.302202 0 0 0 0 0 0 
-2.736052 2.406257 -2.539276 0.528084 0.583800 -0.616689 0.422849 0.785349 -0.452135 0 0 0 0 0 0 
-2.775342 2.032772 -2.416108 -0.663642 0.482441 0.571690 0.827594 -0.550077 0.111815 0 0 0 0 0 0 
-2.876958 2.183008 -2.044272 0.805976 0.330305 -0.491224 0.804130 0.245695 -0.541303 0 0 0 0 0 0 
-3.155445 2.413528 -2.154078 -0.830070 0.429779 -0.355349 -0.632187 0.768160 0.101344 0 0 0 0 0 0 
-3.298563 2.106864 -2.445679 0.192488 -0.101354 0.976051 -0.901935 0.303368 -0.307377 0 0 0 0 0 0 
-3.329664 1.845156 -2.093044 0.489766 0.821445 -0.292159 -0.360626 -0.116455 -0.925412 0 0 0 0 0 0 
-3.534971 2.149590 -1.900858 -0.483300 0.856819 -0.179671 -0.239655 0.956768 0.164804 0 0 0 0 0 0 
-3.266021 2.391904 -1.689198 0.953885 0.241215 -0.178659 0.749887 -0.081930 0.656474 0 0 0 0 0 0 
-3.352079 2.793678 -1.736131 0.931823 0.362910 -0.001485 -0.475652 -0.772490 0.420731 0 0 0 0 0 0 
-3.095203 2.987415 -1.464382 0.452810 0.891606 0.001659 -0.275843 0.139283 -0.951058 0 0 0 0 0 0 
-2.714392 2.936764 -1.596075 0.853673 0.324037 -0.407727 0.851218 0.200347 -0.485066 0 0 0 0 0 0 
-2.374639 3.142079 -1.414800 0.712428 0.675714 0.189359 -0.278751 -0.942987 0.181861 0 0 0 0 0 0 
-2.089629 3.156831 -1.659070 0.543309 -0.237120 0.805351 0.378676 -0.438533 -0.815042 0 0 0 0 0 0 
-1.763609 3.168190 -1.398544 0.986228 -0.070155 0.149777 -0.139135 0.785827 0.602592 0 0 0 0 0 0 
-1.452958 3.415607 -1.422293 0.461912 0.824704 0.326343 -0.106971 0.418805 -0.901754 0 0 0 0 0 0 
-1.188591 3.068131 -1.434822 0.765783 -0.472560 -0.436192 -0.928220 0.296294 -0.224985 0 0 0 0 0 0 
-1.349265 3.016528 -1.822089 -0.936847 0.333239 0.106164 0.137121 -0.069143 0.988138 0 0 0 0 0 0 
-1.095667 3.184030 -2.047125 0.860307 0.507895 -0.043755 -0.062740 -0.062486 -0.996072 0 0 0 0 0 0 
-1.278324 3.496766 -2.252201 -0.290511 0.596349 -0.748312 -0.969922 0.023481 -0.242283 0 0 0 0 0 0 
-1.586658 3.446004 -2.011719 0.570561 0.571740 -0.589554 0.654021 0.646387 -0.392989 0 0 0 0 0 0 
-1.725455 3.821466 -2.089101 0.570485 0.531900 -0.625803 0.572936 0.517596 -0.635483 0 0 0 0 0 0 
-1.723334 3.694257 -2.490345 0.734599 -0.504120 -0.454123 0.931482 -0.339326 -0.131142 0 0 0 0 0 0 
-1.928444 3.356733 -2.413318 -0.580434 -0.814289 -0.005428 -0.464380 0.332005 -0.821051 0 0 0 0 0 0 
-2.206548 3.584581 -2.223825 0.940246 -0.043954 0.337648 -0.888015 -0.192472 -0.417592 0 0 0 0 0 0 
-2.247232 3.824943 -2.549476 0.513932 0.425116 -0.745084 -0.052095 0.993090 -0.105163 0 0 0 0 0 0 
-2.257115 3.506841 -2.826509 0.803576 0.274778 0.527979 -0.806798 -0.450064 -0.382779 0 0 0 0 0 0 
-2.543396 3.304792 -2.616018 0.048058 -0.746569 0.663570 0.968217 0.146353 0.202822 0 0 0 0 0 0 
-2.814140 3.637423 -2.659418 0.740465 -0.338116 0.580852 -0.815047 0.150420 -0.559528 0 0 0 0 0 0 
-3.019671 3.338960 -2.904780 0.897135 -0.219389 -0.383429 0.947257 -0.315320 -0.057250 0 0 0 0 0 0 
-3.082371 3.132227 -2.583053 -0.261451 0.273901 0.925538 -0.077434 -0.294302 -0.952570 0 0 0 0 0 0 
-3.233504 3.478940 -2.378192 0.817619 -0.349465 0.457574 -0.801926 0.135923 -0.581756 0 0 0 0 0 0 
-3.488003 3.501311 -2.717536 -0.632897 0.299094 0.714132 -0.597434 0.675084 -0.432821 0 0 0 0 0 0 
-3.633144 3.106560 -2.647619 0.964065 -0.107292 0.243039 -0.912105 0.407341 -0.046231 0 0 0 0 0 0 
-3.667158 3.178011 -2.242419 0.480884 -0.115145 0.869190 0.019315 0.988391 -0.150700 0 0 0 0 0 0 
-3.310856 3.160182 -2.072246 0.755910 -0.009212 0.654611 -0.826236 -0.174795 -0.535520 0 0 0 0 0 0 
-3.171420 3.409851 -1.751006 -0.091106 0.454701 0.885972 0.002262 -0.502916 -0.864332 0 0 0 0 0 0 
-2.767136 3.446995 -1.803990 -0.212791 0.912982 -0.348114 -0.043284 0.994726 -0.092992 0 0 0 0 0 0 
-2.539417 3.603087 -1.494928 0.363889 0.077655 0.928200 -0.469267 -0.253943 -0.845755 0 0 0 0 0 0 
-2.154048 3.612654 -1.384128 0.988917 -0.079697 -0.125266 0.780995 0.383193 -0.493164 0 0 0 0 0 0 
-1.965735 3.403148 -1.074585 0.452648 0.117134 -0.883962 0.188543 0.541554 -0.819250 0 0 0 0 0 0 
-1.602753 3.401989 -0.894812 0.948007 -0.187201 -0.257367 0.921053 -0.036267 0.387744 0 0 0 0 0 0 
-1.580598 3.819175 -0.907223 0.332635 -0.854943 -0.398028 0.394815 -0.207693 -0.894977 0 0 0 0 0 0 
-1.266924 3.937459 -0.636506 -0.704722 -0.273704 0.654563 -0.552593 0.470971 -0.687625 0 0 0 0 0 0 
-1.203089 4.323404 -0.757574 0.916572 -0.330016 0.225797 -0.914163 0.162542 -0.371331 0 0 0 0 0 0 
-1.420143 4.648675 -0.840700 0.991768 0.047558 -0.118891 -0.035012 -0.516770 0.855408 0 0 0 0 0 0 
-1.233242 4.637996 -1.194180 0.300025 0.953927 -0.002945 -0.923776 0.076646 0.375185 0 0 0 0 0 0 
-1.409374 4.235671 -1.308379 0.926723 -0.239026 0.289916 -0.994521 0.104534 0.001096 0 0 0 0 0 0 
-1.744516 4.386172 -1.170764 -0.384201 0.445244 -0.808793 -0.927482 -0.330538 0.174704 0 0 0 0 0 0 
-1.764979 4.682453 -1.425036 -0.558703 0.580169 -0.592668 -0.853082 -0.197033 0.483145 0 0 0 0 0 0 
-1.648743 4.417272 -1.724610 0.579093 0.788234 -0.208177 0.282227 -0.455694 -0.844210 0 0 0 0 0 0 
-1.938408 4.161955 -1.666020 0.403304 0.871723 0.278289 -0.851119 -0.226114 0.473781 0 0 0 0 0 0 
-2.239087 4.465647 -1.619736 0.161086 -0.706241 -0.689401 -0.516785 0.339522 -0.785912 0 0 0 0 0 0 
-2.122869 4.633344 -1.962447 0.968247 0.028909 -0.248318 -0.293925 -0.954837 0.043513 0 0 0 0 0 0 
-2.146554 4.267392 -2.155317 0.375648 -0.216795 -0.901049 0.249931 0.192169 -0.949002 0 0 0 0 0 0 
-2.515481 4.198248 -2.057830 -0.004607 0.271609 0.962397 -0.490365 -0.551586 -0.674756 0 0 0 0 0 0 
-2.477417 4.006806 -1.706814 0.643840 0.620703 0.447434 -0.701840 -0.590681 -0.398141 0 0 0 0 0 0 
-2.840939 4.020948 -1.510587 0.080216 0.975738 -0.203716 0.383469 0.922886 0.035118 0 0 0 0 0 0 
-2.686304 3.940581 -1.140165 0.646769 -0.618671 0.446022 -0.579643 0.100287 -0.808676 0 0 0 0 0 0 
-2.324828 3.931518 -0.954906 0.959607 0.193391 0.204337 -0.940613 -0.286149 -0.182665 0 0 0 0 0 0 
-2.184321 3.637191 -0.698691 0.832264 -0.070109 -0.549928 0.912685 0.028554 -0.407664 0 0 0 0 0 0 
-1.838456 3.620225 -0.516017 0.818737 0.496091 -0.289075 0.753774 0.619392 -0.219495 0 0 0 0 0 0 
-1.669941 3.342594 -0.288590 0.968307 0.097926 0.229765 -0.890653 -0.377071 -0.254078 0 0 0 0 0 0 
-1.596381 3.616058 0.025048 -0.311511 -0.140168 -0.939848 -0.715344 0.556369 -0.422772 0 0 0 0 0 0 
-1.761733 3.984376 0.208355 0.580327 -0.441686 0.684203 -0.763013 0.112281 -0.636556 0 0 0 0 0 0 
-1.617958 4.305769 0.020400 0.978500 -0.130573 0.159651 -0.981612 0.142133 0.127424 0 0 0 0 0 0 
-1.741560 4.712580 0.168715 0.807453 -0.426144 -0.407947 0.958639 -0.283288 0.027544 0 0 0 0 0 0 
-1.599353 4.865873 -0.169121 0.414410 0.144128 0.898605 -0.400852 -0.530515 -0.746908 0 0 0 0 0 0 
-1.796790 4.600418 -0.427377 0.978388 0.136673 -0.155172 0.165945 -0.816391 0.553143 0 0 0 0 0 0 
-2.122093 4.651753 -0.215700 0.812819 -0.519580 -0.263368 0.822169 0.531174 -0.204676 0 0 0 0 0 0 
-2.096561 5.060997 -0.234249 0.795473 0.021062 0.605623 -0.874931 -0.140828 -0.463319 0 0 0 0 0 0 
-2.025303 5.008491 -0.638403 0.364294 0.337454 0.867995 -0.432678 0.145562 -0.889720 0 0 0 0 0 0 
-2.343122 4.773633 -0.695490 0.330252 0.412436 -0.849017 0.234607 0.660907 -0.712854 0 0 0 0 0 0 
-2.564832 5.055140 -0.489344 -0.037668 -0.345817 -0.937546 -0.750026 0.420272 -0.510718 0 0 0 0 0 0 
-2.440188 5.339809 -0.741298 0.828164 0.560340 -0.012772 -0.248541 0.381078 -0.890509 0 0 0 0 0 0 
-2.561386 5.118854 -1.059228 -0.741607 0.387240 -0.547781 -0.502025 0.742107 -0.444126 0 0 0 0 0 0 
-2.909607 4.977238 -0.919026 0.410221 0.559564 -0.720144 -0.244914 -0.704314 -0.666302 0 0 0 0 0 0 
-2.754198 4.587906 -0.960417 0.469975 0.722187 -0.507512 0.148866 -0.625881 -0.765579 0 0 0 0 0 0 
-2.858714 4.276882 -0.767682 0.392968 0.351696 -0.849639 0.522374 0.378800 -0.763961 0 0 0 0 0 0 
-2.534867 4.160108 -0.525887 -0.690301 -0.102914 0.716166 -0.510430 0.468104 -0.721346 0 0 0 0 0 0 
-2.517381 3.820507 -0.332667 0.966060 -0.161422 -0.201672 0.916851 0.000552 -0.399228 0 0 0 0 0 0 
-2.183957 3.821252 -0.108068 -0.812847 0.121661 0.569629 0.596403 0.340335 0.726963 0 0 0 0 0 0 
-2.030968 3.472991 0.036427 0.854695 -0.332261 0.398872 -0.890957 0.020047 -0.453645 0 0 0 0 0 0 
-1.994819 3.431418 0.444126 -0.068981 0.995359 0.067103 -0.380755 0.023585 -0.924375 0 0 0 0 0 0 
-1.877745 3.130465 0.670208 -0.915254 -0.004094 -0.402856 -0.350190 0.356437 -0.866210 0 0 0 0 0 0 
-1.891719 3.305582 1.064699 0.945432 -0.269314 -0.183379 0.360992 -0.931615 -0.042166 0 0 0 0 0 0 
-2.136847 3.562003 1.316348 0.790688 -0.417118 0.448136 -0.799675 0.597517 -0.059114 0 0 0 0 0 0 
-1.887095 3.876042 1.324953 0.652915 0.406285 0.639246 -0.630494 -0.400845 -0.664681 0 0 0 0 0 0 
-1.877820 3.848666 0.913410 0.655798 -0.273310 -0.703726 0.752910 -0.408330 -0.516133 0 0 0 0 0 0 
-2.297487 3.807766 0.901087 0.046982 0.383059 0.922528 -0.030705 -0.559773 -0.828077 0 0 0 0 0 0 
-2.349337 4.123786 1.144964 0.795035 -0.560029 0.232995 -0.743870 0.582549 0.327556 0 0 0 0 0 0 
-2.087967 4.378902 0.956547 -0.903717 0.427755 0.017943 -0.458499 0.807087 0.372007 0 0 0 0 0 0 
-2.294671 4.245486 0.599597 0.703285 -0.569951 -0.424907 0.882740 -0.223360 -0.413377 0 0 0 0 0 0 
-2.627407 4.350247 0.788419 -0.230433 -0.696198 0.679860 0.558579 -0.465199 -0.686716 0 0 0 0 0 0 
-2.515012 4.699068 0.922956 0.191112 0.858910 -0.475131 0.132193 0.912104 -0.388060 0 0 0 0 0 0 
-2.407273 4.764432 0.499977 0.794289 0.009745 0.607462 -0.135281 0.881617 -0.452163 0 0 0 0 0 0 
-2.806133 4.679776 0.390185 0.870969 -0.418242 -0.257851 0.475893 0.610775 -0.632835 0 0 0 0 0 0 
-2.782874 4.269627 0.285931 0.121159 -0.064203 -0.990555 0.320418 0.174481 -0.931068 0 0 0 0 0 0 
-3.028516 3.982858 0.406560 0.128587 -0.302826 -0.944332 0.574703 -0.512286 -0.638184 0 0 0 0 0 0 
-3.006952 3.694580 0.080202 -0.937597 0.331907 -0.103684 0.290291 -0.328076 -0.898942 0 0 0 0 0 0 
-2.639205 3.532412 0.145789 0.730128 0.558649 0.393478 -0.972982 -0.205905 0.104444 0 0 0 0 0 0 
-2.430349 3.235551 -0.038762 -0.421685 0.865240 0.271185 0.920667 0.203381 -0.333179 0 0 0 0 0 0 
-2.297738 2.987716 0.193292 0.530943 0.824100 -0.197377 0.529799 0.539046 -0.654784 0 0 0 0 0 0 
-1.965042 2.860073 0.089387 0.661860 0.660273 0.354938 -0.431090 -0.751216 -0.499836 0 0 0 0 0 0 
-1.799484 2.565349 0.092098 0.537968 0.150716 -0.829382 0.426157 0.310467 -0.849706 0 0 0 0 0 0 
-2.133759 2.407372 0.197776 -0.300829 0.857550 -0.417265 -0.083616 0.887671 -0.452823 0 0 0 0 0 0 
-2.006931 2.026084 0.213823 -0.227046 0.328090 -0.916956 -0.201925 0.334408 -0.920542 0 0 0 0 0 0 
-1.762231 2.160656 0.504621 -0.729950 -0.508464 -0.456767 -0.167717 0.279086 -0.945506 0 0 0 0 0 0 
-2.004367 2.344106 0.778942 0.323115 0.945306 0.044641 -0.261197 -0.286793 0.921697 0 0 0 0 0 0 
-2.330425 2.115728 0.640133 0.350202 0.144857 0.925405 -0.106604 0.978697 -0.175462 0 0 0 0 0 0 
-2.741140 2.151116 0.670769 0.597164 0.799236 -0.067948 -0.103054 -0.018308 -0.994507 0 0 0 0 0 0 
-2.631938 2.197682 1.099269 0.153238 0.985814 -0.068482 0.271701 0.814595 0.512458 0 0 0 0 0 0 
-2.479822 2.567802 1.044760 0.781738 0.620320 0.063943 0.065634 -0.719796 0.691076 0 0 0 0 0 0 
-2.832795 2.692768 0.855997 0.827189 0.445736 -0.342166 -0.137102 -0.578737 -0.803907 0 0 0 0 0 0 
-3.033868 2.554642 1.165175 0.467459 0.767444 0.438761 -0.399272 -0.898339 -0.183215 0 0 0 0 0 0 
-2.819317 2.758948 1.447186 0.168468 -0.231084 -0.958237 0.327318 -0.167463 -0.929957 0 0 0 0 0 0 
-2.869576 3.123829 1.290206 -0.437668 0.744338 -0.504388 -0.451866 0.638981 -0.622511 0 0 0 0 0 0 
-3.256773 3.093692 1.318073 0.039517 0.415745 0.908622 -0.216347 -0.621707 -0.752778 0 0 0 0 0 0 
-3.273321 3.197034 1.711964 0.474189 0.824182 -0.309626 0.571559 0.819594 -0.039817 0 0 0 0 0 0 
-3.044668 3.546306 1.737939 0.683908 0.270880 0.677417 0.483544 -0.490868 -0.724730 0 0 0 0 0 0 
-3.097966 3.649179 1.337765 0.656568 0.423621 -0.624070 0.822359 0.354469 -0.445059 0 0 0 0 0 0 
-3.485821 3.558634 1.223013 0.588637 0.728503 0.350415 -0.767525 0.600081 -0.225409 0 0 0 0 0 0 
-3.456740 3.808248 0.940183 0.027777 0.563669 -0.825533 -0.095809 0.696896 -0.710743 0 0 0 0 0 0 
-3.155834 3.635141 0.729217 0.844696 -0.336796 0.416002 0.154533 -0.177442 -0.971923 0 0 0 0 0 0 
-3.213647 3.346585 0.410642 0.221137 -0.300637 -0.927748 0.353447 0.019082 -0.935260 0 0 0 0 0 0 
-2.915208 3.103485 0.252714 0.220580 0.876577 -0.427735 0.379404 0.886839 -0.263761 0 0 0 0 0 0 
-2.824595 2.953520 -0.127281 0.439271 -0.494705 -0.749872 0.695062 -0.399701 -0.597601 0 0 0 0 0 0 
-2.535435 2.648830 -0.030521 -0.403115 0.686591 0.605055 0.889066 -0.452677 -0.068161 0 0 0 0 0 0 
-2.283181 2.569768 -0.318167 0.744224 0.337001 -0.576680 0.585129 0.411192 -0.698960 0 0 0 0 0 0 
-1.956668 2.310286 -0.317384 0.687745 0.161649 0.707727 -0.849469 -0.212909 -0.482776 0 0 0 0 0 0 
-2.012038 1.899580 -0.357514 0.009299 0.867488 0.497371 -0.275331 -0.724119 -0.632333 0 0 0 0 0 0 
-2.400831 1.905844 -0.436083 -0.237236 0.077422 -0.968362 0.114985 0.212247 -0.970428 0 0 0 0 0 0 
-2.506354 1.549028 -0.648586 -0.489379 0.272604 -0.828369 0.250108 0.515059 -0.819854 0 0 0 0 0 0 
-2.838138 1.291461 -0.736913 -0.701387 0.409335 0.583524 0.614548 -0.754859 -0.229170 0 0 0 0 0 0 
-2.765080 1.109210 -0.399501 -0.325035 0.426755 0.843939 0.686626 -0.569394 -0.452035 0 0 0 0 0 0 
-2.753359 1.452845 -0.137355 -0.492609 0.672587 0.552234 0.273828 0.960968 -0.039489 0 0 0 0 0 0 
-3.003068 1.716840 -0.300670 -0.292829 0.949703 0.110977 0.602061 0.477306 0.640079 0 0 0 0 0 0 
-3.322608 1.620061 -0.116309 -0.212800 0.663386 -0.717381 -0.143974 0.474789 -0.868244 0 0 0 0 0 0 
-3.120920 1.656230 0.248866 0.094302 0.854544 0.510747 -0.404909 0.396396 -0.823965 0 0 0 0 0 0 
-3.058617 2.068823 0.199821 0.196339 0.919215 0.341314 -0.336336 -0.915658 -0.220111 0 0 0 0 0 0 
-3.440248 2.147872 0.096718 0.630796 -0.738199 0.239078 -0.056103 -0.181253 -0.981835 0 0 0 0 0 0 
-3.557390 1.956093 0.411309 0.656436 -0.000428 -0.754382 0.611279 0.028806 -0.790891 0 0 0 0 0 0 
-3.321218 2.243965 0.651141 0.813536 -0.512255 0.275234 -0.804872 0.427335 -0.411784 0 0 0 0 0 0 
-3.517336 2.550218 0.498085 0.227679 -0.431781 0.872770 -0.419680 0.286653 -0.861219 0 0 0 0 0 0 
-3.271157 2.663577 0.208368 0.270485 -0.311389 -0.910975 0.473326 -0.009200 -0.880839 0 0 0 0 0 0 
-3.424646 2.936143 -0.065964 0.686449 0.416389 0.596161 0.623056 0.230806 -0.747348 0 0 0 0 0 0 
-3.236892 2.715576 -0.398919 0.282869 -0.056140 -0.957514 0.302332 -0.269407 -0.914339 0 0 0 0 0 0 
-2.897338 2.516281 -0.476369 0.708656 0.330267 0.623482 -0.712404 -0.497739 -0.494708 0 0 0 0 0 0 
-2.590601 2.567393 -0.704273 0.500747 -0.636099 0.587053 0.983486 -0.023594 -0.179440 0 0 0 0 0 0 
-2.475673 2.231152 -0.905364 -0.095581 0.945744 0.310535 0.311678 -0.942744 0.118705 0 0 0 0 0 0 
-2.111745 2.200017 -1.068824 0.190649 0.959956 0.205274 -0.004303 -0.933783 0.357813 0 0 0 0 0 0 
-1.918463 1.858672 -1.182094 0.114904 -0.264370 0.957552 -0.007541 -0.305615 -0.952125 0 0 0 0 0 0 
-2.215639 1.574084 -1.117039 -0.388272 0.567434 -0.726129 -0.330744 0.783275 -0.526393 0 0 0 0 0 0 
-2.418391 1.788402 -1.414795 0.330643 0.943415 -0.025343 -0.999247 -0.015832 -0.035433 0 0 0 0 0 0 
-2.209062 1.937932 -1.678865 -0.291977 -0.032067 -0.955888 0.294419 0.078010 -0.952487 0 0 0 0 0 0 
-1.901410 1.633548 -1.744149 0.798832 -0.113693 -0.590712 0.880619 0.094800 -0.464244 0 0 0 0 0 0 
-1.977076 1.390693 -2.091732 0.364299 -0.624539 -0.690823 0.782980 -0.495800 -0.375665 0 0 0 0 0 0 
-2.066132 1.356488 -2.478419 0.733395 0.092240 0.673515 -0.577557 -0.316933 -0.752317 0 0 0 0 0 0 
-2.383750 1.630385 -2.535179 0.430643 0.760210 -0.486444 0.411307 0.810299 -0.417423 0 0 0 0 0 0 
-2.663633 1.314695 -2.611457 0.221714 0.665343 0.712855 0.630482 -0.767860 -0.113506 0 0 0 0 0 0 
-2.518176 1.215853 -2.259247 -0.745105 0.260796 0.613843 0.579417 -0.720253 -0.381460 0 0 0 0 0 0 
-2.554671 1.580797 -2.069367 0.811835 0.243874 -0.530518 0.838759 0.387140 -0.382891 0 0 0 0 0 0 
-2.934168 1.607880 -2.231777 -0.487912 0.849517 -0.200656 -0.679603 0.495559 0.540890 0 0 0 0 0 0 
-3.025181 1.275928 -2.054495 0.456781 0.786413 -0.415819 0.464907 0.797133 -0.385279 0 0 0 0 0 0 
-2.833942 1.413682 -1.711389 0.576943 0.786499 -0.220353 0.621525 0.608078 -0.493910 0 0 0 0 0 0 
-3.035941 1.759216 -1.706675 0.007862 0.483699 -0.875199 -0.588948 0.494161 -0.639489 0 0 0 0 0 0 
-3.384349 1.561105 -1.773262 0.085564 0.180978 -0.979758 0.133885 0.153706 -0.979004 0 0 0 0 0 0 
-3.275822 1.327953 -1.443876 -0.208839 0.127864 0.969555 -0.119003 -0.364338 -0.923632 0 0 0 0 0 0 
-3.203439 1.658410 -1.194022 0.874006 -0.021799 -0.485425 0.867559 0.127441 -0.480729 0 0 0 0 0 0 
-3.559423 1.854095 -1.297958 0.082973 -0.726956 0.681653 0.923153 -0.383967 -0.018915 0 0 0 0 0 0 
-3.754914 1.506029 -1.241429 -0.210225 0.600800 0.771262 0.194813 -0.732241 -0.652587 0 0 0 0 0 0 
-3.535084 1.426970 -0.889352 0.086650 0.594807 -0.799185 0.285844 0.641120 -0.712221 0 0 0 0 0 0 
-3.648308 1.822341 -0.738856 0.814565 0.571178 0.101189 -0.638563 -0.616610 0.460467 0 0 0 0 0 0 
-3.991100 1.751277 -0.867123 0.721570 -0.224000 0.655104 -0.715977 0.420475 -0.557295 0 0 0 0 0 0 
-3.981056 1.420272 -0.684323 0.085005 -0.991006 -0.103351 0.581841 -0.365563 -0.726515 0 0 0 0 0 0 
-3.869546 1.542321 -0.284871 0.702119 0.688703 -0.180881 -0.343599 0.113249 -0.932263 0 0 0 0 0 0 
1.417028 2.930634 -0.231322 0.134577 0.032196 0.990380 -0.459859 -0.203365 -0.864392 0 0 0 0 0 0 
1.190034 2.774728 0.084134 -0.746177 0.649348 0.146857 0.059106 -0.988865 -0.136572 0 0 0 0 0 0 
0.899332 2.664207 -0.218164 -0.786778 0.227454 0.573799 0.643440 -0.639771 -0.420331 0 0 0 0 0 0 
1.138839 2.442962 -0.411975 -0.111912 0.883546 -0.454777 -0.211510 0.910349 -0.355707 0 0 0 0 0 0 
1.257069 2.277975 -0.036327 0.720151 0.689860 -0.074002 -0.117502 -0.010770 -0.993014 0 0 0 0 0 0 
0.886635 2.192915 0.040612 0.823462 -0.431569 0.368319 0.945352 0.141504 -0.293744 0 0 0 0 0 0 
0.831074 1.977233 -0.313404 0.919587 0.015285 0.392589 -0.912858 -0.038822 -0.406427 0 0 0 0 0 0 
1.158282 1.754638 -0.284952 0.237152 0.877663 0.416493 -0.195824 -0.946670 -0.255867 0 0 0 0 0 0 
1.136541 1.672285 0.128239 0.899276 0.437216 0.011995 -0.397077 -0.658513 -0.639289 0 0 0 0 0 0 
0.725131 1.688508 0.160487 -0.831683 0.223949 -0.508085 -0.402122 0.448774 -0.798060 0 0 0 0 0 0 
0.735075 1.664101 0.567305 0.503685 0.685752 0.525400 -0.669195 -0.689140 -0.277963 0 0 0 0 0 0 
0.816460 1.968714 0.885380 0.187500 0.700919 -0.688154 0.443312 0.633631 -0.634024 0 0 0 0 0 0 
0.862108 1.854177 1.259554 0.356086 0.910781 -0.209001 0.151035 0.965617 -0.211593 0 0 0 0 0 0 
0.655435 2.139184 1.509515 0.822391 0.541349 -0.174970 0.883983 -0.454602 -0.109136 0 0 0 0 0 0 
0.850790 2.144370 1.895433 -0.279991 0.395976 -0.874533 -0.089622 0.141383 -0.985890 0 0 0 0 0 0 
0.663717 2.247587 2.218689 0.633655 0.146235 0.759669 -0.612087 -0.272011 -0.742536 0 0 0 0 0 0 
0.866723 2.138093 2.566644 0.377458 0.796046 0.473113 -0.455898 -0.872916 -0.173708 0 0 0 0 0 0 
0.874390 2.281204 2.957957 -0.311706 0.928364 -0.202432 -0.374856 0.812510 0.446442 0 0 0 0 0 0 
1.287748 2.360568 2.983261 0.892937 0.053090 -0.447040 0.522156 -0.738177 -0.427140 0 0 0 0 0 0 
1.602357 2.455102 2.761643 -0.158251 -0.271987 -0.949200 0.172639 0.007271 -0.984958 0 0 0 0 0 0 
1.725161 2.080376 2.776672 0.161498 0.726754 0.667643 -0.096545 -0.736146 -0.669902 0 0 0 0 0 0 
1.409578 1.872560 2.670895 -0.387782 0.322865 -0.863356 -0.749993 0.567898 -0.339121 0 0 0 0 0 0 
1.377095 2.092472 2.333702 0.685542 0.174117 -0.706906 0.791007 0.149526 -0.593254 0 0 0 0 0 0 
1.771057 1.999168 2.271732 0.459579 0.203244 -0.864569 0.512304 0.374845 -0.772681 0 0 0 0 0 0 
1.713490 1.593773 2.309703 0.555377 0.824421 -0.109028 0.999872 0.013475 -0.008594 0 0 0 0 0 0 
1.387055 1.586818 2.058061 0.014679 0.997106 0.074595 -0.041198 -0.985999 0.161584 0 0 0 0 0 0 
1.542601 1.786873 1.764635 0.731843 -0.644814 -0.220501 0.772976 -0.607360 -0.183361 0 0 0 0 0 0 
1.862872 1.538411 1.750155 0.661775 0.612969 -0.431651 0.331321 0.762969 -0.555072 0 0 0 0 0 0 
1.622311 1.179133 1.730078 0.539365 0.465762 -0.701535 -0.488132 0.842736 -0.226989 0 0 0 0 0 0 
1.405090 1.320737 1.421461 0.701381 -0.446246 -0.555814 0.634516 -0.148226 -0.758563 0 0 0 0 0 0 
1.720086 1.415281 1.215642 0.683821 0.174303 -0.708525 0.730579 0.125149 -0.671262 0 0 0 0 0 0 
1.919291 1.042766 1.248900 0.185321 -0.001086 0.982677 -0.250664 -0.269681 -0.929753 0 0 0 0 0 0 
1.572000 0.869020 1.098947 0.754762 0.630088 0.182549 -0.566185 0.756447 -0.327447 0 0 0 0 0 0 
1.591448 1.098498 0.761977 0.719458 0.636240 -0.278531 0.631501 0.774073 -0.044922 0 0 0 0 0 0 
1.349261 1.438251 0.841044 -0.472316 -0.531645 -0.703044 0.403556 -0.863737 0.301828 0 0 0 0 0 0 
1.569075 1.756777 0.761011 0.149186 -0.056190 0.987211 -0.585999 0.281075 -0.760001 0 0 0 0 0 0 
1.277088 2.082748 0.823524 -0.597938 0.595215 -0.536833 -0.761997 0.646161 -0.042857 0 0 0 0 0 0 
1.285171 2.166398 1.218418 0.531612 0.846270 0.034865 -0.389674 0.279696 -0.877453 0 0 0 0 0 0 
1.049668 2.475311 1.389875 0.391505 -0.303859 -0.868558 0.680337 -0.280444 -0.677120 0 0 0 0 0 0 
1.126851 2.602178 1.796376 0.822659 -0.115813 -0.556614 0.631219 -0.590005 -0.503444 0 0 0 0 0 0 
0.796999 2.765783 1.952467 0.778080 -0.268589 -0.567848 0.921926 -0.229417 -0.312123 0 0 0 0 0 0 
0.811533 3.098762 2.223996 -0.434795 0.491521 0.754560 0.067041 -0.834051 -0.547599 0 0 0 0 0 0 
0.596769 2.911177 2.490310 -0.351960 0.166780 0.921037 -0.090661 -0.640288 -0.762766 0 0 0 0 0 0 
0.962726 2.703671 2.527743 -0.909673 -0.284131 0.302926 -0.176535 0.569758 0.802627 0 0 0 0 0 0 
1.151234 2.937572 2.887841 -0.924900 -0.192616 -0.327809 -0.570576 0.666986 -0.479137 0 0 0 0 0 0 
1.475378 3.164187 2.750863 -0.921284 0.199797 -0.333642 -0.037126 0.025478 -0.998986 0 0 0 0 0 0 
1.346894 3.006924 2.355419 0.697979 0.383767 0.604606 -0.634417 -0.550735 -0.542407 0 0 0 0 0 0 
1.614862 3.259421 2.224887 0.508917 0.526934 -0.680694 0.504272 0.518956 -0.690213 0 0 0 0 0 0 
1.917771 3.080069 2.459053 -0.333055 -0.285817 -0.898545 0.483523 -0.444720 -0.753942 0 0 0 0 0 0 
1.780357 2.732713 2.257329 -0.047971 0.993349 0.104672 0.750292 0.532634 -0.391616 0 0 0 0 0 0 
1.819566 2.859605 1.883362 0.614536 0.786556 -0.060620 -0.178911 0.056431 -0.982246 0 0 0 0 0 0 
2.162947 3.004094 1.958853 0.685482 -0.553550 -0.472966 0.733224 -0.659624 0.165162 0 0 0 0 0 0 
2.291867 2.681839 2.116770 0.353154 0.640208 -0.682214 0.310853 0.744398 -0.590968 0 0 0 0 0 0 
2.182358 2.435922 1.802439 0.847354 -0.163129 -0.505352 0.977273 -0.162395 -0.136253 0 0 0 0 0 0 
2.386911 2.622955 1.545231 0.783695 -0.216834 -0.582070 0.624482 -0.287859 -0.726057 0 0 0 0 0 0 
2.637378 2.307308 1.496759 -0.462579 0.669554 0.581135 0.318334 -0.869766 -0.377054 0 0 0 0 0 0 
2.337313 2.100665 1.281435 0.290178 -0.355611 -0.888447 0.848968 -0.140932 -0.509305 0 0 0 0 0 0 
2.325326 2.348772 1.000191 0.995746 -0.078605 -0.048083 0.214258 0.575156 0.789487 0 0 0 0 0 0 
2.715452 2.183765 0.875891 -0.060555 0.663521 -0.745703 -0.015096 0.853242 -0.521297 0 0 0 0 0 0 
2.494987 1.853798 0.829715 -0.926309 0.195268 0.322214 0.728184 -0.505353 0.462998 0 0 0 0 0 0 
2.193689 2.018338 0.568863 -0.565223 0.331504 -0.755399 -0.468796 0.655335 -0.592255 0 0 0 0 0 0 
1.945592 2.070881 0.879410 -0.359193 0.932876 -0.026878 -0.276469 0.959000 -0.062326 0 0 0 0 0 0 
1.707493 2.403755 0.822887 -0.821733 0.272076 -0.500729 -0.135042 0.310502 -0.940932 0 0 0 0 0 0 
1.603018 2.563971 1.195063 0.790393 -0.496461 -0.358895 0.907462 -0.390235 0.155655 0 0 0 0 0 0 
1.297838 2.850566 1.234648 -0.950990 0.076325 0.299655 0.696761 -0.424579 0.578149 0 0 0 0 0 0 
1.090575 3.013124 1.530555 -0.898608 -0.401041 -0.177958 -0.608269 0.538447 -0.583167 0 0 0 0 0 0 
0.704156 2.941295 1.572717 -0.259575 0.796137 0.546613 0.539549 -0.642943 -0.543610 0 0 0 0 0 0 
0.401292 3.101890 1.821644 -0.121526 0.875924 0.466893 0.213276 -0.888755 -0.405744 0 0 0 0 0 0 
0.570465 3.493439 1.757534 0.310991 -0.625756 -0.715341 0.545429 -0.281009 -0.789646 0 0 0 0 0 0 
0.274588 3.739130 1.900334 0.768659 -0.275837 0.577128 -0.735987 0.289426 -0.612010 0 0 0 0 0 0 
0.452222 4.118879 1.945532 0.400060 0.441268 0.803265 -0.193526 -0.694620 -0.692857 0 0 0 0 0 0 
0.753922 4.306800 1.749725 0.533537 0.728344 0.429946 -0.287412 -0.792969 -0.537211 0 0 0 0 0 0 
0.952645 4.332676 2.087392 -0.829390 0.517327 -0.210913 -0.094021 0.109540 -0.989526 0 0 0 0 0 0 
0.973662 3.924197 2.062932 0.808391 0.476977 0.344959 -0.704385 -0.671533 -0.229968 0 0 0 0 0 0 
1.037759 3.898195 1.657634 0.593396 0.714485 -0.370665 0.803868 0.244692 -0.542146 0 0 0 0 0 0 
1.362772 4.163788 1.709202 0.777351 0.624610 0.074748 -0.236723 -0.930130 0.280749 0 0 0 0 0 0 
1.511328 3.910806 1.998875 0.623644 0.763675 -0.166937 0.481686 -0.579749 -0.657168 0 0 0 0 0 0 
1.451767 3.579121 1.740456 0.320668 -0.390308 -0.863036 0.336372 -0.275097 -0.900653 0 0 0 0 0 0 
1.608003 3.705823 1.444213 0.783727 -0.480732 -0.393279 0.967804 -0.236599 -0.085881 0 0 0 0 0 0 
1.900269 3.852588 1.704613 -0.889792 -0.156819 0.428577 0.729882 -0.673904 -0.114569 0 0 0 0 0 0 
1.997937 3.484396 1.798905 0.709256 -0.179086 0.681824 -0.823729 0.029066 -0.566238 0 0 0 0 0 0 
2.016624 3.309136 1.430104 -0.048799 -0.178523 -0.982725 0.094189 0.192678 -0.976731 0 0 0 0 0 0 
1.621940 3.186794 1.302508 0.862884 -0.340087 -0.373861 0.388602 -0.917917 -0.080103 0 0 0 0 0 0 
1.594583 3.113205 0.903482 0.870583 0.016992 -0.491729 0.706125 0.523995 -0.476252 0 0 0 0 0 0 
1.208555 3.116361 0.866541 0.059617 0.916912 -0.394612 0.337319 0.908656 -0.246091 0 0 0 0 0 0 
0.890516 3.283951 1.128750 -0.372288 -0.928088 0.007390 0.805791 -0.592187 0.003829 0 0 0 0 0 0 
0.543327 3.110166 1.145108 0.865656 0.036939 -0.499275 0.149348 -0.094893 -0.984221 0 0 0 0 0 0 
0.232681 3.268146 1.366634 -0.090588 0.195043 -0.976602 0.049672 0.149078 -0.987577 0 0 0 0 0 0 
-0.136726 3.075956 1.438989 0.004908 0.951418 0.307863 0.562966 -0.748350 -0.350774 0 0 0 0 0 0 
-0.328111 3.413081 1.311194 -0.376012 0.587005 0.716965 0.289747 -0.811921 -0.506784 0 0 0 0 0 0 
-0.265635 3.699477 1.044511 0.785884 -0.457207 -0.416352 0.955119 -0.286657 -0.074666 0 0 0 0 0 0 
-0.069470 4.030243 1.215783 -0.450656 0.840314 0.301302 0.208936 -0.700756 -0.682119 0 0 0 0 0 0 
-0.014432 4.320613 0.970637 -0.927204 0.102598 -0.360231 0.216104 -0.875181 -0.432848 0 0 0 0 0 0 
0.270071 4.514409 1.235750 -0.459406 0.875960 -0.147105 -0.467756 -0.181745 0.864970 0 0 0 0 0 0 
0.473208 4.157884 1.206720 -0.066304 0.506022 -0.859968 -0.036278 0.685938 -0.726755 0 0 0 0 0 0 
0.414507 4.114354 0.802902 -0.399178 0.859612 -0.318942 -0.184168 0.945708 -0.267802 0 0 0 0 0 0 
0.558732 4.493520 0.768845 0.467405 0.724454 0.506655 -0.512703 -0.679685 -0.524560 0 0 0 0 0 0 
0.866202 4.447867 1.016127 0.306076 0.762407 0.570135 -0.302161 -0.880300 -0.365747 0 0 0 0 0 0 
0.974364 4.073968 0.820136 0.909985 0.408463 0.071312 -0.403613 -0.558979 0.724320 0 0 0 0 0 0 
0.919690 4.249648 0.478702 0.849494 -0.037521 -0.526263 0.914835 0.114471 -0.387264 0 0 0 0 0 0 
1.199607 4.540553 0.579494 0.250882 0.706926 0.661297 0.185421 -0.586992 -0.788073 0 0 0 0 0 0 
1.447226 4.286422 0.766802 0.994983 -0.017581 0.098485 -0.828112 -0.415717 -0.376045 0 0 0 0 0 0 
1.397114 4.006600 0.420341 0.963593 -0.255936 0.077364 -0.109827 0.986514 0.121362 0 0 0 0 0 0 
1.301316 3.685332 0.617790 0.223979 0.273046 0.935563 -0.119815 -0.362240 -0.924352 0 0 0 0 0 0 
1.036204 3.408436 0.476349 0.369964 -0.926968 -0.062103 -0.842572 0.399865 -0.360805 0 0 0 0 0 0 
0.680318 3.478455 0.708302 0.655165 -0.190613 -0.731044 0.713773 0.047983 -0.698732 0 0 0 0 0 0 
0.390765 3.189381 0.663182 -0.945586 0.310681 0.096670 -0.225487 0.973445 -0.039494 0 0 0 0 0 0 
0.053331 3.355359 0.858089 -0.089403 -0.128120 -0.987721 0.024862 0.228029 -0.973337 0 0 0 0 0 0 
-0.239349 3.107358 0.951826 0.999640 -0.009394 -0.025148 -0.413625 0.086594 0.906320 0 0 0 0 0 0 
-0.614583 3.133605 0.792158 0.814709 0.275085 -0.510468 0.972140 0.179708 -0.150498 0 0 0 0 0 0 
-0.958766 2.919178 0.837691 0.584201 -0.568167 -0.579564 0.701823 -0.674226 -0.229921 0 0 0 0 0 0 
-1.224825 3.115053 0.591649 0.361439 -0.184607 0.913938 0.793923 0.569753 -0.212290 0 0 0 0 0 0 
-1.230393 3.236167 0.223261 -0.175923 0.734661 -0.655229 -0.039835 0.778937 -0.625836 0 0 0 0 0 0 
-1.266625 3.619633 0.347732 0.403984 -0.799885 -0.443826 -0.692297 0.438183 -0.573342 0 0 0 0 0 0 
-0.920504 3.604031 0.591917 0.131503 0.978345 0.159836 0.265156 -0.415998 0.869849 0 0 0 0 0 0 
-0.756082 3.398259 0.254854 0.659878 0.751372 -0.000857 -0.130404 0.103691 -0.986024 0 0 0 0 0 0 
-0.843371 3.691546 -0.000637 0.848976 0.403801 0.340859 -0.814110 -0.555659 -0.168726 0 0 0 0 0 0 
-0.679367 3.974278 0.303510 0.691634 -0.361801 -0.625094 -0.984971 0.071468 -0.157241 0 0 0 0 0 0 
-0.347130 3.765455 0.311555 0.030989 0.854644 -0.518289 -0.533933 0.801263 -0.269987 0 0 0 0 0 0 
-0.336000 3.742514 -0.091661 -0.512452 0.765285 0.389528 0.979024 0.016389 0.203083 0 0 0 0 0 0 
-0.380054 4.141266 -0.101448 -0.500117 -0.700801 0.508686 -0.721217 0.639094 -0.267217 0 0 0 0 0 0 
-0.032531 4.175418 0.154412 -0.741935 0.663034 -0.099595 0.075452 -0.944090 -0.320936 0 0 0 0 0 0 
0.161021 3.946826 -0.119145 -0.693446 0.208153 -0.689786 -0.579259 0.678087 -0.452391 0 0 0 0 0 0 
0.101829 3.559335 0.019100 0.433334 -0.893139 0.120520 -0.036272 0.407457 0.912504 0 0 0 0 0 0 
0.002780 3.200675 -0.224389 0.498533 -0.174030 -0.849222 0.461139 -0.188011 -0.867181 0 0 0 0 0 0 
0.180820 2.940646 0.012471 0.884834 0.349602 0.307973 -0.765301 -0.509098 -0.393870 0 0 0 0 0 0 
-0.070633 2.934450 0.358320 0.517723 0.223370 -0.825874 0.513737 0.284191 -0.809512 0 0 0 0 0 0 
-0.068218 2.729598 0.688172 0.923838 0.382307 0.019075 -0.012981 -0.070853 -0.997402 0 0 0 0 0 0 
-0.428096 2.570431 0.725753 0.122321 0.626412 -0.769835 0.209585 0.795478 -0.568585 0 0 0 0 0 0 
-0.506251 2.576750 1.112958 0.741909 -0.535192 -0.403906 0.612104 -0.096273 -0.784895 0 0 0 0 0 0 
-0.682696 2.359998 1.308228 -0.383324 0.620948 -0.683729 -0.921370 -0.357840 0.151750 0 0 0 0 0 0 
-0.671977 2.060278 0.989875 -0.228097 0.833641 -0.503006 -0.068118 0.872091 -0.484579 0 0 0 0 0 0 
-0.882778 1.801014 1.200521 0.787227 0.540101 -0.297598 -0.392701 0.089145 -0.915335 0 0 0 0 0 0 
-1.176740 2.066897 1.195072 0.824838 0.144883 0.546490 -0.672343 -0.589304 -0.447969 0 0 0 0 0 0 
-1.195847 2.161006 0.811156 0.164717 0.982558 -0.086305 0.739173 0.604647 -0.296691 0 0 0 0 0 0 
-1.042898 1.822595 0.622688 0.849040 0.416714 -0.324778 0.842120 -0.538852 -0.021733 0 0 0 0 0 0 
-0.928025 1.681307 0.249518 0.765978 -0.543110 0.343961 -0.602750 0.449798 -0.659071 0 0 0 0 0 0 
-1.299329 1.792116 0.110053 0.512461 0.847902 -0.135816 0.544398 0.589407 0.596850 0 0 0 0 0 0 
-1.206694 2.199694 0.214005 0.724307 -0.268667 0.634978 -0.881771 0.118087 -0.456656 0 0 0 0 0 0 
-0.858564 2.140377 -0.040008 0.585845 -0.407546 -0.700494 0.847430 0.170144 -0.502905 0 0 0 0 0 0 
-1.085224 1.936735 -0.343648 0.097125 -0.929478 -0.355860 0.498053 -0.611728 0.614599 0 0 0 0 0 0 
-1.354329 2.224737 -0.312364 0.740728 0.090231 -0.665718 0.838653 0.226016 -0.495558 0 0 0 0 0 0 
-1.078124 2.521535 -0.329905 0.743574 -0.650304 -0.155571 0.770694 -0.233244 0.592982 0 0 0 0 0 0 
-0.945139 2.332733 -0.660053 0.622728 0.749396 0.224978 0.386707 -0.099623 -0.916806 0 0 0 0 0 0 
-1.246335 2.486795 -0.892103 -0.283025 0.899943 -0.331662 -0.185105 0.867261 -0.462163 0 0 0 0 0 0 
-1.238073 2.904702 -0.787218 -0.881742 0.023459 -0.471149 -0.602563 0.457929 -0.653620 0 0 0 0 0 0 
-0.839189 2.927104 -0.659276 0.599024 0.287933 -0.747171 0.667543 0.376284 -0.642493 0 0 0 0 0 0 
-0.650236 2.624408 -0.925086 0.904821 0.015732 0.425501 -0.895190 0.062829 -0.441234 0 0 0 0 0 0 
-0.321578 2.851625 -0.823205 0.187166 0.820198 0.540597 -0.253557 -0.761291 -0.596779 0 0 0 0 0 0 
-0.289877 2.832861 -0.429763 0.999896 -0.012758 -0.006767 0.074798 0.962699 0.260032 0 0 0 0 0 0 
-0.110850 2.568329 -0.234129 -0.610734 0.702330 -0.365702 -0.722772 -0.597010 0.348109 0 0 0 0 0 0 
-0.174209 2.447993 0.120869 0.805608 0.324058 -0.495966 0.527714 0.769336 -0.360055 0 0 0 0 0 0 
0.043356 2.318851 0.427255 0.589436 -0.298453 -0.750660 0.615288 -0.373732 -0.694078 0 0 0 0 0 0 
-0.214410 2.161021 0.671705 0.469172 -0.852533 -0.230358 0.476805 -0.381077 -0.792109 0 0 0 0 0 0 
-0.121607 2.152581 1.070206 0.944451 0.255467 0.206759 -0.852025 -0.369150 -0.371189 0 0 0 0 0 0 
-0.338351 1.991145 1.356425 0.787539 0.032001 0.615434 -0.982624 0.080746 0.167121 0 0 0 0 0 0 
-0.386119 1.595584 1.384930 0.889443 0.340768 0.304578 -0.952340 -0.092385 -0.290713 0 0 0 0 0 0 
-0.198641 1.427419 1.040200 -0.288274 0.834178 -0.470154 0.408449 -0.761308 -0.503567 0 0 0 0 0 0 
-0.083442 1.058472 1.121733 0.579669 0.796004 -0.174244 -0.230732 -0.052143 -0.971619 0 0 0 0 0 0 
0.029187 0.703962 0.918437 0.472414 -0.827702 0.302878 -0.449417 -0.187494 -0.873424 0 0 0 0 0 0 
-0.340276 0.580960 0.824675 0.926049 0.145760 -0.348120 -0.240018 0.535938 -0.809421 0 0 0 0 0 0 
-0.456573 0.914352 0.653798 0.845890 -0.454303 0.279428 -0.945185 0.249119 -0.211102 0 0 0 0 0 0 
-0.127889 1.047869 0.515445 -0.273657 0.883319 -0.380604 -0.529247 -0.502246 -0.683847 0 0 0 0 0 0 
-0.182689 0.874075 0.119375 -0.363028 0.473235 -0.802658 -0.521532 0.760076 -0.387670 0 0 0 0 0 0 
-0.546675 1.016549 0.124251 -0.557487 -0.308534 0.770724 0.788895 0.187537 0.585213 0 0 0 0 0 0 
-0.425897 1.419128 0.180092 0.871473 0.470225 0.139371 -0.552078 -0.618220 -0.559477 0 0 0 0 0 0 
-0.163952 1.350692 -0.130425 0.464268 0.451661 -0.761878 0.493070 0.251767 -0.832764 0 0 0 0 0 0 
-0.449953 1.155472 -0.370853 -0.790773 0.437823 -0.427772 0.280480 -0.832378 -0.477993 0 0 0 0 0 0 
-0.665691 1.499965 -0.286532 0.542560 -0.755387 -0.367451 0.829562 -0.374215 -0.414476 0 0 0 0 0 0 
-0.376126 1.734835 -0.423309 0.890454 -0.452332 -0.049863 0.988161 0.139460 0.063943 0 0 0 0 0 0 
-0.169307 1.904381 -0.093643 0.409264 0.760614 -0.503953 0.462315 0.566183 -0.682423 0 0 0 0 0 0 
0.210540 2.032187 -0.157567 0.053971 0.918419 -0.391911 0.267532 0.907610 -0.323527 0 0 0 0 0 0 
0.372543 1.908318 0.201968 0.363488 0.925463 0.106744 -0.021942 0.135620 -0.990518 0 0 0 0 0 0 
0.232347 1.806422 0.583715 0.426854 -0.832490 0.353208 -0.419717 0.003589 -0.907648 0 0 0 0 0 0 
0.330764 2.001933 0.954729 -0.552805 -0.591658 0.586811 -0.649372 0.583996 -0.487098 0 0 0 0 0 0 
0.319956 1.705319 1.214782 0.558313 0.108367 -0.822523 -0.741143 -0.396265 -0.541924 0 0 0 0 0 0 
0.352253 1.752611 1.614236 0.668597 0.521249 -0.530356 0.627974 0.777599 0.031431 0 0 0 0 0 0 
0.243582 1.496818 1.893772 -0.384454 0.888363 0.251009 0.455954 -0.329606 0.826720 0 0 0 0 0 0 
0.195881 1.142950 1.602407 0.236938 -0.220761 0.946110 -0.501412 0.044133 -0.864082 0 0 0 0 0 0 
0.579594 1.212912 1.542703 0.152713 0.850913 0.502619 -0.215467 -0.921566 -0.322939 0 0 0 0 0 0 
0.743841 1.408461 1.873733 0.381937 0.799146 -0.464208 0.486140 0.841151 -0.236923 0 0 0 0 0 0 
0.596979 1.222962 2.201447 0.301074 -0.939049 0.165955 0.369514 -0.290917 -0.882512 0 0 0 0 0 0 
0.793669 0.918321 2.354260 0.153372 0.950628 0.269783 0.044475 -0.988547 -0.144212 0 0 0 0 0 0 
1.164261 0.805835 2.450935 -0.210738 0.917473 0.337391 0.307867 -0.931937 -0.191602 0 0 0 0 0 0 
1.469610 0.918303 2.195239 0.103836 -0.991581 -0.077367 -0.445451 0.287399 -0.847924 0 0 0 0 0 0 
1.454412 0.558624 2.016069 -0.694940 0.272237 0.665542 0.391674 -0.692202 -0.606175 0 0 0 0 0 0 
1.060704 0.529497 1.943109 -0.058125 0.239077 -0.969259 -0.063478 0.374455 -0.925070 0 0 0 0 0 0 
1.093002 0.887741 1.789425 0.186857 -0.912995 -0.362663 -0.904413 0.406040 0.131029 0 0 0 0 0 0 
1.384906 0.770046 1.541919 0.734622 0.105301 0.670255 0.038758 -0.168379 -0.984960 0 0 0 0 0 0 
1.160830 0.425339 1.380207 0.651513 -0.267401 -0.709949 0.800534 -0.062847 -0.595984 0 0 0 0 0 0 
0.840662 0.641698 1.356506 0.161114 0.599177 -0.784238 0.373628 0.555960 -0.742503 0 0 0 0 0 0 
1.049897 0.927788 1.125600 0.897981 -0.418430 -0.136189 -0.972607 0.002182 -0.232447 0 0 0 0 0 0 
1.161771 0.602496 0.885486 0.501478 0.280678 0.818376 0.289573 -0.404485 -0.867490 0 0 0 0 0 0 
0.791252 0.455853 0.827135 0.941995 0.079442 0.326090 -0.957779 -0.231444 -0.170568 0 0 0 0 0 0 
0.662106 0.829830 0.739123 0.687116 0.095570 0.720235 -0.721301 0.000816 -0.692622 0 0 0 0 0 0 
0.945922 0.855846 0.457304 0.034948 0.012829 -0.999307 -0.526046 0.446646 -0.723729 0 0 0 0 0 0 
0.885062 0.483213 0.266506 0.265549 0.203692 -0.942334 0.227577 0.242394 -0.943109 0 0 0 0 0 0 
0.479677 0.520226 0.238820 0.826175 0.441930 -0.349474 0.804128 -0.143792 -0.576803 0 0 0 0 0 0 
0.522678 0.894170 0.109270 0.295923 0.918902 -0.260862 0.452222 0.883670 0.120921 0 0 0 0 0 0 
0.766495 0.744111 -0.175172 0.002498 0.791480 0.611189 -0.145854 -0.959852 -0.239604 0 0 0 0 0 0 
0.482450 0.410776 -0.276617 -0.144367 0.865548 0.479568 0.433004 -0.867110 -0.246225 0 0 0 0 0 0 
0.184537 0.659160 -0.349706 -0.358610 0.171177 -0.917658 -0.248632 0.431583 -0.867132 0 0 0 0 0 0 
-1.735066 3.958530 3.825540 -0.248361 0.962882 -0.105708 0.186546 0.974210 0.126949 0 0 0 0 0 0 
-1.395334 3.731316 3.763034 -0.696156 0.357447 -0.622574 0.362794 -0.697228 -0.618267 0 0 0 0 0 0 
-1.418780 3.578864 4.115816 -0.042704 0.752571 0.657125 -0.025615 -0.951250 -0.307354 0 0 0 0 0 0 
-1.842423 3.532982 4.109170 -0.474364 0.607748 0.636883 0.509168 -0.668630 -0.541925 0 0 0 0 0 0 
-1.806516 3.320022 3.700244 0.260694 -0.167946 0.950701 -0.262357 -0.125287 -0.956803 0 0 0 0 0 0 
-1.548604 3.076452 3.897782 -0.526059 0.663823 -0.531603 -0.136584 0.773393 -0.619038 0 0 0 0 0 0 
-1.775941 3.033608 4.252019 0.227791 0.811474 -0.538165 0.362699 0.851169 -0.379422 0 0 0 0 0 0 
-2.124393 2.947802 3.996547 -0.464487 -0.631250 -0.621108 0.561327 -0.820450 0.108510 0 0 0 0 0 0 
-2.002034 2.753351 3.661153 -0.736970 -0.138473 0.661589 0.732285 -0.603298 -0.315896 0 0 0 0 0 0 
-2.338573 2.810317 3.471101 0.626981 0.777145 -0.054223 -0.089674 -0.011313 -0.995907 0 0 0 0 0 0 
-2.535777 3.129368 3.316718 0.202590 0.080270 0.975968 -0.375066 -0.174132 -0.910496 0 0 0 0 0 0 
-2.918037 3.057324 3.139707 0.127291 0.988850 -0.077280 -0.437698 0.216586 0.872646 0 0 0 0 0 0 
-2.959943 3.223712 2.798758 0.103123 0.358783 -0.927707 0.042178 0.450686 -0.891685 0 0 0 0 0 0 
-3.326440 3.355661 2.815063 0.752115 -0.420743 -0.507246 0.755959 -0.623540 -0.199309 0 0 0 0 0 0 
-3.545966 3.374380 2.468242 0.983916 -0.098123 -0.149268 0.975332 -0.050902 -0.214796 0 0 0 0 0 0 
-3.952423 3.410344 2.489932 -0.224883 0.277596 -0.934006 0.002629 0.479845 -0.877349 0 0 0 0 0 0 
-4.252649 3.566090 2.265915 0.202438 0.977836 0.053437 0.212141 -0.332220 0.919035 0 0 0 0 0 0 
-4.395891 3.823737 2.563901 0.325760 0.213222 -0.921096 0.545301 0.243040 -0.802233 0 0 0 0 0 0 
-4.266873 4.050082 2.901425 0.311462 0.145228 0.939096 -0.053687 -0.755341 -0.653129 0 0 0 0 0 0 
-4.501868 3.804229 3.137283 0.455675 0.424603 0.782351 -0.441650 -0.593755 -0.672607 0 0 0 0 0 0 
-4.360944 3.469513 2.966214 -0.197820 -0.632226 0.749104 -0.664531 0.478029 -0.574357 0 0 0 0 0 0 
-3.969929 3.607379 3.033278 0.154312 0.751872 0.640997 -0.111731 -0.792825 -0.599120 0 0 0 0 0 0 
-4.032094 3.715882 3.413832 0.674100 -0.568061 -0.472118 0.901193 -0.259923 -0.346831 0 0 0 0 0 0 
-4.183006 3.362557 3.512590 -0.464327 0.186064 0.865899 0.177853 -0.469414 -0.864881 0 0 0 0 0 0 
-3.880155 3.145749 3.333337 0.820730 0.569678 0.043224 -0.716099 -0.695899 -0.054101 0 0 0 0 0 0 
-3.611539 3.392260 3.537183 0.197495 0.590388 0.782584 -0.452569 -0.562320 -0.692082 0 0 0 0 0 0 
-3.798730 3.314193 3.886357 0.125111 0.639594 -0.758463 0.090096 0.827497 -0.554194 0 0 0 0 0 0 
-3.809798 2.909209 3.730601 0.945587 0.319802 -0.059924 0.119947 0.950815 -0.285595 0 0 0 0 0 0 
-3.429357 2.902728 3.678345 0.830191 -0.541646 -0.131915 -0.931286 0.007993 -0.364202 0 0 0 0 0 0 
-3.321794 3.107612 4.034528 0.868735 0.351909 0.348511 -0.876430 -0.343970 -0.336980 0 0 0 0 0 0 
-3.577750 2.871239 4.245296 0.548223 0.486708 -0.680122 0.220924 -0.863619 -0.453161 0 0 0 0 0 0 
-3.380386 2.558833 4.062627 0.284791 0.693205 -0.662088 0.157784 0.718578 -0.677310 0 0 0 0 0 0 
-3.023657 2.672851 4.195295 -0.207808 -0.976246 0.061311 -0.359012 0.237145 -0.902703 0 0 0 0 0 0 
-2.897420 2.887090 3.930451 -0.183109 0.408003 -0.894430 -0.122800 0.446128 -0.886504 0 0 0 0 0 0 
-2.756052 3.287558 4.039713 -0.767797 -0.640442 0.017909 -0.729122 0.653144 0.204411 0 0 0 0 0 0 
-2.630263 3.438352 3.708785 0.159192 -0.895988 -0.414564 0.815284 -0.514747 -0.265231 0 0 0 0 0 0 
-2.922908 3.542236 3.477921 -0.601727 0.647197 0.468039 0.239809 0.964807 0.107882 0 0 0 0 0 0 
-2.892850 3.691810 3.114005 0.646109 -0.532810 -0.546495 0.876162 -0.323031 -0.357758 0 0 0 0 0 0 
-3.209919 3.887536 2.967584 0.195371 -0.055567 -0.979154 0.411309 -0.064367 -0.909220 0 0 0 0 0 0 
-3.165349 3.881684 2.562467 0.015608 0.209719 -0.977637 -0.064753 0.152236 -0.986221 0 0 0 0 0 0 
-3.285639 4.197039 2.346819 -0.052894 0.712314 0.699865 0.051523 -0.695923 -0.716266 0 0 0 0 0 0 
-3.532935 3.948653 2.083607 0.475561 -0.489309 -0.731039 0.852385 -0.261079 -0.453076 0 0 0 0 0 0 
-3.766658 3.957941 2.420397 0.819718 -0.361149 -0.444560 0.728543 -0.389792 -0.563282 0 0 0 0 0 0 
-4.021476 4.241606 2.369659 0.283881 0.047855 -0.957665 -0.045706 0.342905 -0.938257 0 0 0 0 0 0 
-3.973296 4.575542 2.630407 -0.909253 0.291517 -0.297114 -0.793529 0.370564 0.482695 0 0 0 0 0 0 
-3.634926 4.408035 2.770581 -0.079827 0.952107 -0.295161 0.164932 0.926393 -0.338517 0 0 0 0 0 0 
-3.565071 4.771432 2.977950 0.579733 -0.589266 -0.562739 -0.554037 -0.669262 0.495108 0 0 0 0 0 0 
-3.886673 4.728268 3.211671 0.455852 0.443575 0.771648 -0.483290 0.727379 -0.487186 0 0 0 0 0 0 
-3.804485 4.352716 3.260033 -0.908608 -0.189794 -0.372034 0.189276 -0.011556 -0.981856 0 0 0 0 0 0 
-3.451123 4.436191 3.434618 0.413927 0.106778 -0.904026 0.547361 0.262477 -0.794671 0 0 0 0 0 0 
-3.592714 4.771949 3.672789 0.219362 0.794986 -0.565577 -0.722570 -0.250365 -0.644368 0 0 0 0 0 0 
-3.916849 4.525518 3.809099 0.926540 -0.129089 0.353355 -0.867809 0.009918 -0.496799 0 0 0 0 0 0 
-3.638054 4.240885 3.903643 0.405552 0.682052 -0.608549 0.449751 0.771501 -0.450012 0 0 0 0 0 0 
-3.387440 4.514346 4.116159 0.940175 -0.284500 0.187435 -0.941796 -0.306952 -0.137119 0 0 0 0 0 0 
-3.524000 4.405880 4.473853 0.720626 0.316512 -0.616862 0.595718 0.420253 -0.684476 0 0 0 0 0 0 
-3.415829 4.018884 4.410129 -0.461356 0.784058 -0.415215 -0.307227 0.942289 -0.133051 0 0 0 0 0 0 
-3.033733 4.190459 4.456779 0.956049 0.275565 -0.100175 0.846618 0.529507 -0.053488 0 0 0 0 0 0 
-3.147980 4.213477 4.842270 0.579915 0.035640 -0.813897 0.005871 0.250648 -0.968061 0 0 0 0 0 0 
-3.159300 3.843005 4.847899 -0.160704 0.638288 -0.752836 0.154568 -0.004209 -0.987973 0 0 0 0 0 0 
-2.845462 3.756823 4.665359 0.779582 0.505895 0.369218 -0.857345 -0.458178 -0.234591 0 0 0 0 0 0 
-2.926192 3.750076 4.254213 0.177512 -0.098420 -0.979185 0.460697 -0.391710 -0.796443 0 0 0 0 0 0 
-2.666069 3.913526 4.008739 0.833029 0.068912 0.548921 -0.828994 0.461542 -0.315829 0 0 0 0 0 0 
-2.883193 4.056082 3.685946 0.688165 -0.715060 -0.122954 0.675209 -0.328247 -0.660566 0 0 0 0 0 0 
-2.722818 4.157107 3.350318 0.169569 0.838390 -0.518023 0.267022 0.842294 -0.468230 0 0 0 0 0 0 
-2.834798 4.197427 2.952090 0.916720 -0.391820 -0.078112 -0.693086 -0.320773 0.645551 0 0 0 0 0 0 
-2.758896 3.955158 2.614683 -0.044207 0.906286 0.420348 -0.010791 -0.908758 -0.417183 0 0 0 0 0 0 
-2.798747 3.979775 2.199744 -0.003296 0.928315 -0.371779 0.350509 0.754749 -0.554524 0 0 0 0 0 0 
-2.674181 4.374265 2.280449 -0.245801 0.900143 -0.359617 -0.102241 0.984082 -0.145361 0 0 0 0 0 0 
-2.597607 4.491859 1.906078 -0.790533 0.510514 -0.338279 0.218149 0.479651 -0.849909 0 0 0 0 0 0 
-2.577697 4.913430 1.943729 0.681703 0.689699 -0.244125 0.872450 0.281129 0.399748 0 0 0 0 0 0 
-2.453238 5.213342 2.225863 0.678040 -0.181435 0.712280 -0.737386 0.200407 -0.645057 0 0 0 0 0 0 
-2.832082 5.350007 2.250043 0.416947 -0.307709 0.855260 -0.653439 0.057895 -0.754762 0 0 0 0 0 0 
-2.961466 4.965100 2.368529 0.450146 0.855687 -0.255281 0.124232 0.979622 0.157817 0 0 0 0 0 0 
-2.617575 4.988869 2.634982 -0.650640 0.547466 -0.526260 -0.513961 0.781707 -0.353239 0 0 0 0 0 0 
-2.718487 5.336975 2.808762 -0.716679 0.536125 -0.446027 0.068186 -0.997667 0.003358 0 0 0 0 0 0 
-3.112322 5.214530 2.884122 -0.916679 0.206943 -0.341868 0.342646 -0.792937 -0.503829 0 0 0 0 0 0 
-2.984263 4.882642 3.039485 0.952552 -0.254693 0.166664 -0.977221 0.205354 -0.053568 0 0 0 0 0 0 
-2.725296 5.085869 3.290365 0.111264 0.929474 -0.351708 0.552472 -0.213526 -0.805718 0 0 0 0 0 0 
-2.981854 5.393851 3.417448 0.020220 0.639845 0.768238 0.194562 -0.578941 -0.791816 0 0 0 0 0 0 
-3.238171 5.072455 3.473452 0.244484 0.383119 0.890757 -0.279919 -0.357290 -0.891061 0 0 0 0 0 0 
-2.949843 4.896367 3.728162 0.567371 -0.817527 0.098693 0.244283 -0.211887 -0.946271 0 0 0 0 0 0 
-2.765213 4.636410 3.480428 -0.183472 0.929914 -0.318745 -0.437674 0.863885 -0.249287 0 0 0 0 0 0 
-2.452521 4.500724 3.704036 0.922382 -0.178736 0.342441 -0.989081 0.143170 -0.034940 0 0 0 0 0 0 
-2.293561 4.321033 3.351187 0.801632 -0.595731 0.049905 -0.818921 0.278454 -0.501828 0 0 0 0 0 0 
-2.321581 4.365718 2.951265 -0.521689 0.658094 0.542911 0.649975 -0.702519 -0.289826 0 0 0 0 0 0 
-2.284353 4.009646 2.665653 0.799810 0.381224 -0.463651 0.893606 0.341440 -0.291354 0 0 0 0 0 0 
-2.296833 3.997731 2.259404 0.978773 -0.139012 -0.150593 0.952159 0.241294 -0.187539 0 0 0 0 0 0 
-2.268791 3.677165 1.952648 0.039668 0.849076 -0.526780 0.122616 0.992325 -0.015992 0 0 0 0 0 0 
-1.995102 3.897060 1.788898 -0.086256 0.598715 -0.796304 -0.416404 0.908751 0.027921 0 0 0 0 0 0 
-1.679757 4.142185 1.881726 -0.403510 0.782502 0.474204 0.468357 0.776639 -0.421277 0 0 0 0 0 0 
-1.796476 4.531479 1.906351 0.315705 0.249877 0.915364 -0.262352 -0.285111 -0.921891 0 0 0 0 0 0 
-1.520947 4.832871 1.974336 0.493128 0.220755 -0.841482 -0.603788 -0.637513 -0.478558 0 0 0 0 0 0 
-1.784877 5.143279 2.041269 0.892135 0.351974 0.283214 0.189296 -0.694243 -0.694402 0 0 0 0 0 0 
-1.949794 4.906601 2.321721 0.925552 0.246627 -0.287278 0.813098 0.422865 -0.400071 0 0 0 0 0 0 
-1.586229 4.848983 2.503906 -0.171637 0.928672 -0.328798 -0.201206 0.936197 -0.288188 0 0 0 0 0 0 
-1.495648 5.234037 2.551920 -0.478574 0.878047 0.000374 -0.296509 0.951776 -0.078767 0 0 0 0 0 0 
-1.846757 5.353380 2.696336 -0.078662 0.477410 0.875153 0.266946 -0.507636 -0.819174 0 0 0 0 0 0 
-1.853211 5.071032 2.958820 0.165775 -0.195770 0.966537 -0.536788 0.048268 -0.842336 0 0 0 0 0 0 
-1.450169 5.159742 3.087917 0.210719 0.730614 0.649462 0.629573 -0.776064 -0.036924 0 0 0 0 0 0 
-1.559104 5.564919 3.163702 0.222594 0.535346 -0.814774 0.222718 0.525926 -0.820853 0 0 0 0 0 0 
-1.888690 5.463599 3.341869 0.986453 -0.103950 -0.126905 0.615143 0.117626 0.779592 0 0 0 0 0 0 
-1.668596 5.212256 3.584506 0.707988 -0.617192 -0.343260 0.597827 -0.295342 -0.745236 0 0 0 0 0 0 
-1.926318 4.873645 3.452321 0.201776 0.423032 -0.883363 0.333881 0.441105 -0.833036 0 0 0 0 0 0 
-1.772118 4.493549 3.355011 0.605668 0.374346 0.702162 -0.337281 -0.324722 -0.883627 0 0 0 0 0 0 
-1.815722 4.358745 2.956562 -0.600163 -0.563904 -0.567288 -0.754136 0.571639 -0.323275 0 0 0 0 0 0 
-1.774357 3.981468 2.780912 0.165953 0.236081 -0.957458 0.057248 0.380653 -0.922944 0 0 0 0 0 0 
-1.768989 3.990906 2.362920 0.926730 -0.374824 0.026038 -0.923876 0.381151 -0.034309 0 0 0 0 0 0 
-1.820816 3.640486 2.090814 0.547407 0.613635 0.569032 -0.449717 -0.806519 -0.383772 0 0 0 0 0 0 
-1.541138 3.508813 1.869741 0.759330 0.534111 0.371678 0.169493 -0.972298 -0.160962 0 0 0 0 0 0 
-1.512344 3.165488 1.614024 -0.312009 0.812277 0.492805 0.202352 -0.846965 -0.491634 0 0 0 0 0 0 
-1.148814 3.193553 1.444763 -0.348147 0.930320 -0.115322 -0.151612 0.937970 0.311810 0 0 0 0 0 0 
-0.741226 3.260053 1.595215 0.482813 0.752347 0.448181 -0.271193 0.602636 -0.750522 0 0 0 0 0 0 
-0.758627 3.607875 1.427075 0.620746 0.621444 0.477997 -0.641176 -0.615258 -0.458640 0 0 0 0 0 0 
-1.087111 3.736835 1.613267 -0.348082 0.866202 -0.358515 -0.179356 0.977920 -0.107252 0 0 0 0 0 0 
-0.922808 3.604891 1.977393 0.329080 0.656303 -0.678950 0.301056 0.725250 -0.619174 0 0 0 0 0 0 
-0.586629 3.841212 1.948150 0.742988 0.241945 0.624044 0.498952 -0.300008 -0.813045 0 0 0 0 0 0 
-0.784086 4.180394 1.867395 0.894908 -0.010849 0.446119 -0.948137 -0.048641 -0.314119 0 0 0 0 0 0 
-1.006962 4.143798 2.183740 0.478321 -0.728222 0.490817 -0.544514 0.159006 -0.823542 0 0 0 0 0 0 
-0.696279 4.091507 2.443728 0.907796 0.365908 0.204981 -0.885709 0.456962 -0.081880 0 0 0 0 0 0 
-0.515392 4.456782 2.251249 -0.012177 0.499492 0.866233 -0.234218 -0.519311 -0.821862 0 0 0 0 0 0 
-0.868205 4.639671 2.406376 0.963062 -0.135270 -0.232837 0.809958 -0.217606 0.544625 0 0 0 0 0 0 
-0.790991 4.520473 2.767891 -0.980527 -0.045214 -0.191110 0.353452 -0.876962 -0.325591 0 0 0 0 0 0 
-1.021870 4.153945 2.783547 -0.024124 0.889580 -0.456142 0.283363 0.805695 -0.520155 0 0 0 0 0 0 
-0.887356 3.788094 2.892092 0.346014 0.919362 0.187209 0.112855 0.177902 -0.977555 0 0 0 0 0 0 
-1.232726 3.630843 2.974940 0.800842 0.597838 -0.035238 -0.175555 0.983227 0.049451 0 0 0 0 0 0 
-1.421310 3.539690 2.583438 0.765774 -0.397011 0.505937 -0.916206 0.351340 -0.192685 0 0 0 0 0 0 
-1.771048 3.379145 2.468730 0.392200 -0.367702 0.843193 -0.349344 0.077728 -0.933765 0 0 0 0 0 0 
-1.722422 3.072440 2.169492 0.646245 0.756792 0.098148 -0.148109 0.248048 -0.957359 0 0 0 0 0 0 
-2.015942 3.061573 1.922049 -0.265244 0.541478 0.797776 -0.419071 0.382273 -0.823557 0 0 0 0 0 0 
-2.191907 2.800426 1.724340 0.163028 0.164800 0.972760 -0.501452 0.163435 -0.849609 0 0 0 0 0 0 
-2.027963 2.547717 1.962314 0.341359 0.587880 -0.733397 0.406882 0.705681 -0.580053 0 0 0 0 0 0 
-2.203658 2.215828 1.734732 0.558533 0.823082 -0.102841 0.087387 -0.195194 -0.976864 0 0 0 0 0 0 
-2.017061 2.303258 1.406931 0.729300 -0.296206 0.616752 -0.851451 0.084219 -0.517628 0 0 0 0 0 0 
-1.648010 2.344761 1.561230 -0.130213 0.657738 -0.741906 -0.190175 0.681573 -0.706606 0 0 0 0 0 0 
-1.681064 2.106440 1.858892 -0.510401 0.641793 0.572357 0.442244 -0.644403 -0.623831 0 0 0 0 0 0 
-1.435028 2.031437 2.180307 0.886160 0.462183 -0.033276 -0.161683 -0.977066 -0.138566 0 0 0 0 0 0 
-1.164258 1.944383 1.902391 0.287961 -0.419625 -0.860809 -0.758865 -0.632550 0.154934 0 0 0 0 0 0 
-1.131328 2.338531 1.859580 -0.044936 -0.061046 0.997123 -0.300664 -0.375293 -0.876788 0 0 0 0 0 0 
-1.062913 2.433548 2.290913 0.582957 0.806663 -0.097240 0.421652 -0.429161 -0.798768 0 0 0 0 0 0 
-0.797978 2.140339 2.292121 -0.762061 -0.243485 0.599982 -0.433304 0.340207 -0.834570 0 0 0 0 0 0 
-0.610303 2.269743 1.967064 -0.959329 -0.257093 -0.116583 0.582425 -0.629070 -0.514832 0 0 0 0 0 0 
-0.598192 2.685588 2.143568 0.028900 0.907704 0.418614 0.376561 -0.925286 -0.045249 0 0 0 0 0 0 
-0.388388 2.572996 2.507446 0.642692 0.221989 -0.733258 0.416384 0.676057 -0.607924 0 0 0 0 0 0 
-0.090935 2.464436 2.304788 0.592218 0.717232 -0.367227 -0.159111 -0.368645 -0.915852 0 0 0 0 0 0 
-0.021470 2.855351 2.147238 0.138099 0.253008 0.957557 -0.272807 -0.407514 -0.871498 0 0 0 0 0 0 
-0.247729 3.081413 2.421196 -0.797481 -0.179811 0.575928 0.175954 -0.435224 -0.882961 0 0 0 0 0 0 
-0.202603 2.935593 2.780567 -0.217744 -0.946176 0.239455 -0.435081 0.248048 -0.865550 0 0 0 0 0 0 
-0.320997 3.284802 2.994773 -0.192700 0.877774 -0.438610 -0.306999 0.947617 0.088165 0 0 0 0 0 0 
-0.692926 3.288027 2.786852 0.685758 0.725489 -0.058323 0.646830 -0.732304 -0.212936 0 0 0 0 0 0 
-1.032703 3.150007 2.925591 0.361659 0.188982 -0.912956 0.267132 0.178869 -0.946914 0 0 0 0 0 0 
-1.347101 3.041083 2.709473 0.654892 -0.295186 -0.695688 0.692529 -0.323153 -0.644961 0 0 0 0 0 0 
-1.736830 3.005260 2.799784 0.743210 0.632526 0.218059 -0.820795 -0.571145 0.009474 0 0 0 0 0 0 
-1.914841 2.807300 2.479511 -0.383211 0.435939 0.814313 0.020503 0.996795 -0.077329 0 0 0 0 0 0 
-2.297219 2.860278 2.365250 0.420913 0.897580 -0.131083 0.777412 0.508993 -0.369534 0 0 0 0 0 0 
-2.513937 2.619900 2.077667 0.439984 -0.889727 0.121654 -0.493259 0.515637 0.700581 0 0 0 0 0 0 
-2.629021 2.218160 2.090335 0.637092 0.574005 0.514424 -0.638744 -0.693381 -0.333510 0 0 0 0 0 0 
-2.457170 2.191726 2.469833 0.098501 0.252372 0.962604 -0.204702 -0.410080 -0.888781 0 0 0 0 0 0 
-2.686695 1.887548 2.603666 0.854248 0.161030 0.494296 -0.867450 0.312978 -0.386749 0 0 0 0 0 0 
-2.711103 1.604325 2.879755 -0.793174 0.538612 -0.284204 -0.540312 0.800295 -0.259984 0 0 0 0 0 0 
-2.505237 1.318923 2.656156 0.977573 0.059171 0.202112 -0.790692 -0.191101 -0.581624 0 0 0 0 0 0 
-2.197750 1.563152 2.579272 0.359369 0.005322 0.933180 -0.508736 0.095626 -0.855595 0 0 0 0 0 0 
-2.166734 1.826634 2.887873 0.654349 0.755493 0.032535 -0.782751 0.619927 0.054697 0 0 0 0 0 0 
-1.867110 1.647638 3.070734 0.490245 -0.605354 -0.627061 -0.818270 0.368100 -0.441516 0 0 0 0 0 0 
-1.669372 1.578819 2.699057 -0.347262 0.237900 -0.907090 -0.237775 0.516353 -0.822704 0 0 0 0 0 0 
-1.669773 1.998414 2.708725 0.475657 0.807163 0.349626 -0.409626 -0.836697 -0.363517 0 0 0 0 0 0 
-1.501648 2.039571 3.103834 -0.805352 0.525972 -0.273426 -0.523095 0.842832 -0.126510 0 0 0 0 0 0 
-1.248219 1.739037 3.006008 0.487927 0.495470 -0.718636 0.488506 0.461154 -0.740742 0 0 0 0 0 0 
-1.122457 1.993708 2.698141 0.366820 -0.680256 0.634582 0.997891 0.056978 -0.031104 0 0 0 0 0 0 
-1.043932 2.313009 2.979073 -0.682816 -0.710555 -0.169921 -0.392266 0.369139 -0.842534 0 0 0 0 0 0 
-1.360761 2.542166 2.975710 0.071541 -0.964328 0.254858 -0.337343 0.209434 -0.917789 0 0 0 0 0 0 
-1.399572 2.845334 3.272460 0.175744 0.844614 -0.505708 -0.224515 -0.455068 -0.861688 0 0 0 0 0 0 
-1.806879 2.818806 3.277763 0.807904 -0.577350 -0.118149 0.340981 -0.217392 -0.914589 0 0 0 0 0 0 
-2.093137 2.707855 3.008220 0.773771 -0.182524 -0.606600 0.873581 -0.187930 -0.448930 0 0 0 0 0 0 
-2.392523 2.914669 2.852141 0.480526 0.433041 -0.762607 0.514278 0.486635 -0.706190 0 0 0 0 0 0 
-2.736961 2.693026 2.786316 0.204388 0.835812 -0.509552 0.060714 0.897225 -0.437379 0 0 0 0 0 0 
-3.064896 2.787401 2.576275 0.730972 0.681230 -0.040070 -0.676694 0.723883 0.134459 0 0 0 0 0 0 
-3.339453 2.520262 2.369614 0.005708 0.965493 0.260367 -0.324973 0.240732 -0.914571 0 0 0 0 0 0 
-3.200893 2.193309 2.572487 0.541219 0.445939 -0.712896 0.609076 0.404063 -0.682466 0 0 0 0 0 0 
-3.295729 2.401446 2.961091 0.786554 0.250682 -0.564350 0.802076 0.356263 -0.479323 0 0 0 0 0 0 
-3.552542 2.699110 2.873994 -0.730591 -0.093049 -0.676446 -0.897831 0.172622 0.405095 0 0 0 0 0 0 
-3.807863 2.510966 2.570760 0.502138 0.838779 -0.210490 0.832202 0.537945 0.134371 0 0 0 0 0 0 
-4.134293 2.372380 2.737597 -0.323149 0.224570 0.919317 0.623947 -0.567987 -0.536732 0 0 0 0 0 0 
-4.388628 2.476782 3.027483 0.689218 0.712593 0.131110 -0.322425 -0.916158 -0.238111 0 0 0 0 0 0 
-4.253200 2.695432 3.384989 0.699294 -0.316205 0.641095 -0.796968 0.077465 -0.599033 0 0 0 0 0 0 
-4.282755 2.356296 3.548914 -0.013799 -0.273903 -0.961658 0.388983 0.117361 -0.913739 0 0 0 0 0 0 
-4.060509 2.131029 3.268788 0.967117 0.113251 -0.227727 0.799791 -0.502914 0.327738 0 0 0 0 0 0 
-3.800517 2.424877 3.300396 0.665017 0.636880 -0.390046 0.889563 0.452348 0.063714 0 0 0 0 0 0 
-3.735790 2.464755 3.729108 -0.246970 0.665884 0.703991 -0.461708 0.502045 -0.731285 0 0 0 0 0 0 
-3.691707 2.057696 3.671812 0.582513 0.421589 -0.694940 -0.017846 -0.871096 -0.490788 0 0 0 0 0 0 
-3.451361 2.026327 3.360051 -0.483228 0.172593 -0.858314 -0.119708 0.478749 -0.869752 0 0 0 0 0 0 
-3.246770 2.324650 3.585942 0.182042 0.841738 0.508269 -0.198300 -0.831979 -0.518158 0 0 0 0 0 0 
-3.220414 2.078427 3.888478 0.416052 0.909205 0.015688 -0.454923 0.216330 -0.863855 0 0 0 0 0 0 
-3.084868 1.770704 3.620286 -0.697530 0.285420 0.657257 0.005320 -0.772199 -0.635359 0 0 0 0 0 0 
-2.801807 1.999609 3.481523 0.744611 -0.292982 -0.599763 0.659913 -0.286582 -0.694539 0 0 0 0 0 0 
-2.660777 2.125213 3.858270 -0.428176 0.869849 0.245007 -0.699384 -0.712880 -0.051604 0 0 0 0 0 0 
-2.647752 1.724259 3.945841 -0.159443 0.803976 0.572887 0.176184 -0.884651 -0.431685 0 0 0 0 0 0 
-2.463925 1.608179 3.601025 0.525757 0.584705 -0.617819 0.596425 0.579764 -0.555114 0 0 0 0 0 0 
-2.210812 1.916366 3.655914 0.681471 0.054368 -0.729823 0.810823 0.090132 -0.578309 0 0 0 0 0 0 
-2.136099 1.836493 4.060543 0.701133 0.633672 0.326915 -0.597898 -0.772865 -0.212597 0 0 0 0 0 0 
-2.087620 1.439521 3.924136 0.430486 0.865133 0.257345 -0.471068 -0.855156 -0.216342 0 0 0 0 0 0 
-1.778509 1.595268 3.696926 0.836457 -0.208312 -0.506897 0.970882 -0.221456 -0.091351 0 0 0 0 0 0 
-4.667912 0.530251 1.009737 -0.453457 0.501356 -0.736898 0.106008 -0.890240 -0.442984 0 0 0 0 0 0 
-4.815399 0.164093 0.857680 0.194861 0.645391 -0.738579 0.131775 -0.849232 -0.511312 0 0 0 0 0 0 
-4.934101 -0.074391 0.582352 0.735386 0.463689 -0.494165 0.099459 -0.805887 -0.583655 0 0 0 0 0 0 
-4.976105 -0.198892 0.214501 0.995820 0.068578 -0.060334 0.152917 -0.748237 -0.645567 0 0 0 0 0 0 
-4.892251 -0.341561 -0.188045 0.869037 -0.289884 0.400925 0.267757 -0.736777 -0.620859 0 0 0 0 0 0 
-4.646251 -0.512465 -0.491618 0.541133 -0.545225 0.640238 0.361728 -0.697236 -0.618882 0 0 0 0 0 0 
-4.321305 -0.726676 -0.772481 0.010941 -0.721499 0.692329 0.355933 -0.748377 -0.559682 0 0 0 0 0 0 
-3.993583 -1.050102 -0.915743 -0.482033 -0.642833 0.595324 0.364367 -0.827717 -0.426757 0 0 0 0 0 0 
-3.740854 -1.443418 -0.909781 -0.886572 -0.454519 0.086034 0.354146 -0.843734 -0.403354 0 0 0 0 0 0 
-3.559509 -1.910426 -0.898723 -0.942940 -0.051385 -0.328973 0.300904 -0.853654 -0.425126 0 0 0 0 0 0 
-3.566464 -2.418550 -0.944568 -0.602349 0.391955 -0.695375 0.263205 -0.824425 -0.501045 0 0 0 0 0 0 
-3.649919 -2.869813 -1.140643 -0.129636 0.679425 -0.722203 0.198987 -0.807993 -0.554573 0 0 0 0 0 0 
-3.803138 -3.183355 -1.429049 0.472158 0.673684 -0.568522 0.157805 -0.730427 -0.664510 0 0 0 0 0 0 
-3.872049 -3.366604 -1.841415 0.883096 0.437055 -0.170656 0.255528 -0.663833 -0.702874 0 0 0 0 0 0 
-3.813137 -3.498092 -2.290305 0.971427 0.115775 0.207187 0.339832 -0.567819 -0.749730 0 0 0 0 0 0 
-3.578956 -3.530322 -2.675513 0.745873 -0.365227 0.557031 0.400101 -0.591538 -0.700001 0 0 0 0 0 0 
-3.218239 -3.623622 -2.997604 0.292440 -0.669640 0.682687 0.487394 -0.600427 -0.633982 0 0 0 0 0 0 
-2.787898 -3.825160 -3.149763 -0.211298 -0.807475 0.550760 0.595345 -0.606494 -0.527000 0 0 0 0 0 0 
-2.379529 -4.122397 -3.232740 -0.696127 -0.692270 0.190180 0.573909 -0.673799 -0.465428 0 0 0 0 0 0 
-2.059330 -4.535581 -3.271872 -0.920513 -0.348176 -0.177283 0.510283 -0.708329 -0.487731 0 0 0 0 0 0 
-1.896605 -4.980163 -3.313565 -0.813085 0.077564 -0.576955 0.411869 -0.740637 -0.530868 0 0 0 0 0 0 
-1.878666 -5.406075 -3.436657 -0.306554 0.501761 -0.808864 0.319508 -0.765341 -0.558720 0 0 0 0 0 0 
-1.918196 -5.751221 -3.721145 0.184933 0.742767 -0.643504 0.331570 -0.686364 -0.647276 0 0 0 0 0 0 
-1.982139 -5.984854 -4.119577 0.672860 0.688258 -0.271218 0.345559 -0.599754 -0.721723 0 0 0 0 0 0 
-1.939707 -6.061984 -4.559322 0.933252 0.318548 0.166036 0.405176 -0.514965 -0.755410 0 0 0 0 0 0 
-1.753413 -6.101574 -4.974300 0.856809 -0.081963 0.509078 0.531658 -0.448177 -0.718663 0 0 0 0 0 0 
-1.391053 -6.103813 -5.288542 0.528405 -0.504237 0.683033 0.640601 -0.403138 -0.653537 0 0 0 0 0 0 
-0.977202 -6.142693 -5.478586 0.005373 -0.836567 0.547839 0.703105 -0.359389 -0.613582 0 0 0 0 0 0 
-0.539452 -6.268119 -5.587707 -0.415721 -0.884234 0.212851 0.725873 -0.445341 -0.524194 0 0 0 0 0 0 
-0.147283 -6.574885 -5.647136 -0.748726 -0.644632 -0.154464 0.620290 -0.561642 -0.547539 0 0 0 0 0 0 
0.076273 -6.984463 -5.707284 -0.765494 -0.136191 -0.628865 0.596467 -0.569707 -0.565385 0 0 0 0 0 0 
0.208804 -7.357235 -5.952980 -0.487928 0.491306 -0.721488 0.517516 -0.618081 -0.591737 0 0 0 0 0 0 
0.734234 -7.316703 -6.610539 -0.202507 0.088071 -0.975312 0.629200 0.774942 0.059769 0 0 0 0 0 0 
1.057684 -7.169080 -6.729026 -0.623822 0.470235 -0.624279 0.620837 0.783726 0.018300 0 0 0 0 0 0 
1.304047 -6.950966 -6.998225 -0.811015 0.583197 0.046221 0.591534 0.803636 -0.065244 0 0 0 0 0 0 
1.396820 -6.645878 -7.289877 -0.551350 0.449327 0.702935 0.539243 0.836066 -0.101048 0 0 0 0 0 0 
1.405340 -6.239437 -7.447544 -0.133844 0.141696 0.980820 0.465885 0.884649 -0.018656 0 0 0 0 0 0 
1.389630 -5.774340 -7.417939 0.295942 -0.211310 0.931540 0.452713 0.888658 0.073064 0 0 0 0 0 0 
1.447856 -5.368377 -7.230463 0.629850 -0.500881 0.593639 0.508224 0.820817 0.260707 0 0 0 0 0 0 
1.600050 -5.003801 -6.905072 0.772423 -0.633138 0.049991 0.613525 0.728599 0.304518 0 0 0 0 0 0 
1.898301 -4.793500 -6.537670 0.666088 -0.509958 -0.544307 0.686099 0.643660 0.339071 0 0 0 0 0 0 
2.272865 -4.745301 -6.228469 0.396177 -0.107074 -0.911909 0.754349 0.566717 0.331344 0 0 0 0 0 0 
2.720616 -4.740291 -6.127566 -0.016603 0.307430 -0.951426 0.818601 0.514032 0.256251 0 0 0 0 0 0 
3.163152 -4.675759 -6.186546 -0.344406 0.651578 -0.675893 0.840032 0.517255 0.163685 0 0 0 0 0 0 
3.543978 -4.516090 -6.389937 -0.597301 0.795510 -0.101957 0.808618 0.578290 0.108250 0 0 0 0 0 0 
3.821720 -4.232464 -6.589597 -0.554800 0.647809 0.522054 0.776379 0.615238 0.136816 0 0 0 0 0 0 
4.006724 -3.873366 -6.681725 -0.305945 0.209908 0.928621 0.690969 0.685582 0.229213 0 0 0 0 0 0 
4.143685 -3.430363 -6.593631 -0.049207 -0.286392 0.956848 0.646025 0.679255 0.348232 0 0 0 0 0 0 
4.243202 -3.052710 -6.340391 0.317085 -0.610023 0.726174 0.621793 0.616325 0.483236 0 0 0 0 0 0 
4.388822 -2.807427 -5.939608 0.656299 -0.738776 0.153235 0.652254 0.555487 0.515751 0 0 0 0 0 0 
4.622162 -2.693472 -5.513616 0.722891 -0.572360 -0.387082 0.704020 0.440542 0.557027 0 0 0 0 0 0 
4.956242 -2.710639 -5.159176 0.547972 -0.121043 -0.827693 0.760606 0.343659 0.550797 0 0 0 0 0 0 
5.371882 -2.772409 -4.904008 0.265954 0.384826 -0.883842 0.803863 0.303204 0.511734 0 0 0 0 0 0 
5.804088 -2.774994 -4.814099 -0.094626 0.743377 -0.662146 0.853538 0.303140 0.423767 0 0 0 0 0 0 
6.218432 -2.673674 -4.823698 -0.431766 0.850350 -0.300804 0.835326 0.400790 0.376296 0 0 0 0 0 0 
6.564394 -2.468360 -4.895277 -0.564708 0.765443 0.308548 0.779912 0.515465 0.355011 0 0 0 0 0 0 
6.803630 -2.144350 -4.980366 -0.421216 0.382989 0.822129 0.767605 0.519589 0.375246 0 0 0 0 0 0 
7.003984 -1.762945 -4.874186 -0.243984 -0.177443 0.953408 0.717985 0.492767 0.491608 0 0 0 0 0 0 
7.134753 -1.396331 -4.627342 0.091047 -0.601505 0.793664 0.640929 0.519349 0.565232 0 0 0 0 0 0 
7.252612 -1.157600 -4.261081 0.529036 -0.794283 0.298722 0.611015 0.471494 0.635889 0 0 0 0 0 0 
7.088056 -1.306740 -3.852016 0.126532 -0.975175 0.181725 0.931074 0.147752 0.333571 0 0 0 0 0 0 
7.387469 -1.286986 -3.535891 0.127602 -0.864158 -0.486773 0.924715 0.045863 0.377887 0 0 0 0 0 0 
7.684987 -1.431724 -3.283199 0.172142 -0.321009 -0.931300 0.887216 -0.005714 0.461319 0 0 0 0 0 0 
8.128723 -0.911304 -2.640524 0.352835 0.757356 0.549473 -0.356188 0.242018 0.902528 0 0 0 0 0 0 
8.307040 -0.673192 -2.434938 -0.987853 -0.133843 0.078948 0.014748 -0.300936 0.953530 0 0 0 0 0 0 
8.337546 -0.551522 -2.170300 -0.914216 -0.401101 0.057675 -0.238804 -0.125045 0.962983 0 0 0 0 0 0 
8.176213 -0.492483 -1.929349 -0.539223 -0.842163 0.000410 -0.268243 -0.026397 0.962990 0 0 0 0 0 0 
7.879451 -0.560335 -1.667832 0.266787 -0.963659 -0.013643 -0.374925 -0.010535 0.926995 0 0 0 0 0 0 
7.578343 -0.685373 -1.497571 0.950191 -0.307513 0.050719 -0.414452 -0.065162 0.907735 0 0 0 0 0 0 
7.192502 -0.502232 -0.994032 0.738161 0.018378 -0.674374 -0.877085 -0.114789 0.466417 0 0 0 0 0 0 
7.086938 -0.640610 -0.845914 0.347235 0.506183 -0.789434 -0.878266 -0.337241 0.338995 0 0 0 0 0 0 
7.053443 -0.697990 -0.797634 0.153586 0.613774 -0.774398 -0.815110 -0.350969 0.460887 0 0 0 0 0 0 
7.029017 -0.754960 -0.884859 -0.302836 0.939157 -0.162094 -0.861662 -0.482900 0.156033 0 0 0 0 0 0 
7.091326 -1.391123 -0.747509 0.131370 -0.950707 0.280887 -0.995896 -0.081194 -0.039980 0 0 0 0 0 0 
6.740287 -1.522122 -0.886029 0.174270 -0.603189 0.778327 -0.980053 -0.180249 -0.083707 0 0 0 0 0 0 
6.407608 -1.763038 -0.981564 0.115021 -0.036863 0.992679 -0.972571 -0.231610 0.021524 0 0 0 0 0 0 
6.165962 -2.054594 -0.926172 -0.286123 0.587129 0.757241 -0.977638 -0.205434 0.044947 0 0 0 0 0 0 
-2.661326 -4.855641 -3.859489 0.791732 -0.228095 0.566686 -0.535115 0.499853 0.681028 0 0 0 0 0 0 
-2.901335 -4.854490 -3.482866 0.901456 0.363849 0.234501 -0.517688 0.480578 0.707844 0 0 0 0 0 0 
-3.003709 -4.782750 -3.049948 0.656161 0.720240 -0.225181 -0.397310 0.576414 0.714066 0 0 0 0 0 0 
-2.987155 -4.598811 -2.625375 0.206140 0.820765 -0.532776 -0.344576 0.632521 0.693675 0 0 0 0 0 0 
-2.916470 -4.300112 -2.312191 -0.290822 0.671133 -0.681912 -0.279061 0.726941 0.627441 0 0 0 0 0 0 
-2.839706 -3.891873 -2.155213 -0.771740 0.367577 -0.518945 -0.227199 0.795216 0.562149 0 0 0 0 0 0 
-2.871461 -3.427116 -2.062553 -0.964176 -0.047097 -0.261049 -0.315575 0.808591 0.496581 0 0 0 0 0 0 
-3.066850 -2.944341 -2.006300 -0.857155 -0.493977 0.145852 -0.409531 0.751221 0.517640 0 0 0 0 0 0 
-3.370451 -2.580293 -1.946126 -0.465891 -0.655636 0.594212 -0.406227 0.769350 0.493031 0 0 0 0 0 0 
-3.742105 -2.253403 -1.791973 0.088347 -0.686538 0.721707 -0.451508 0.714454 0.534505 0 0 0 0 0 0 
-4.106975 -2.061897 -1.572543 0.578336 -0.428882 0.693965 -0.455574 0.673208 0.582446 0 0 0 0 0 0 
-4.395083 -1.980714 -1.234390 0.913529 0.072779 0.400211 -0.367835 0.715657 0.593744 0 0 0 0 0 0 
-4.510793 -1.850792 -0.851380 0.878542 0.476262 -0.036588 -0.278105 0.670369 0.687941 0 0 0 0 0 0 
-4.508064 -1.658468 -0.432476 0.601361 0.646327 -0.469709 -0.150887 0.749297 0.644815 0 0 0 0 0 0 
-4.351474 -1.403187 -0.110081 0.045616 0.722708 -0.689647 -0.101951 0.793770 0.599613 0 0 0 0 0 0 
-4.176489 -1.054654 0.095456 -0.507311 0.583605 -0.634066 -0.058478 0.838587 0.541620 0 0 0 0 0 0 
-4.057285 -0.591958 0.160403 -0.896463 0.255650 -0.361936 -0.128547 0.884475 0.448530 0 0 0 0 0 0 
-4.085507 -0.101534 0.145465 -0.989028 -0.122850 0.082043 -0.188796 0.912442 0.363052 0 0 0 0 0 0 
-4.278488 0.362965 0.136706 -0.699618 -0.482195 0.527278 -0.283697 0.873999 0.394514 0 0 0 0 0 0 
-4.609606 0.751944 0.175278 -0.171930 -0.631144 0.756371 -0.330762 0.827328 0.454009 0 0 0 0 0 0 
-3.991198 1.473709 -0.199877 0.138346 0.907537 0.396531 0.479837 -0.639588 0.600570 0 0 0 0 0 0 
-2.249802 1.167501 4.304641 0.578217 -0.759994 -0.296774 -0.634726 -0.667132 -0.389946 0 0 0 0 0 0 
-2.413503 0.993890 4.195480 0.863668 0.423351 0.273590 -0.570010 -0.636466 -0.519615 0 0 0 0 0 0 
-2.436889 0.844757 4.094003 0.427927 0.770436 0.472554 -0.547232 -0.633800 -0.546658 0 0 0 0 0 0 
-2.056749 0.420793 3.947109 0.858034 0.150963 0.490904 0.338576 -0.933953 0.114445 0 0 0 0 0 0 
-1.759186 0.049105 3.940625 0.264308 0.386355 0.883669 0.427554 -0.892880 0.141290 0 0 0 0 0 0 
-1.461553 -0.263959 3.971068 -0.267492 0.316202 0.910200 0.454870 -0.866360 0.206186 0 0 0 0 0 0 
-1.166284 -0.542221 4.096727 -0.713610 0.111094 0.691678 0.422012 -0.866699 0.265966 0 0 0 0 0 0 
-0.947972 -0.759232 4.335029 -0.945856 -0.275559 0.171536 0.484186 -0.831562 0.272157 0 0 0 0 0 0 
-0.822457 -1.015087 4.591845 -0.794417 -0.441085 -0.417547 0.431562 -0.842571 0.322224 0 0 0 0 0 0 
-0.801299 -1.322622 4.808203 -0.319295 -0.453555 -0.832069 0.360624 -0.887290 0.287517 0 0 0 0 0 0 
-0.812579 -1.699674 4.950584 0.130648 -0.317199 -0.939317 0.302672 -0.943656 0.133804 0 0 0 0 0 0 
-0.817625 -2.104746 4.938226 0.615754 -0.121669 -0.778488 0.255993 -0.966043 0.035045 0 0 0 0 0 0 
-0.821782 -2.449231 4.804412 0.937183 -0.097890 -0.334821 0.230056 -0.967939 -0.100835 0 0 0 0 0 0 
-0.719131 -2.841059 4.594159 0.983378 0.006334 0.181457 0.329829 -0.930087 -0.161714 0 0 0 0 0 0 
-0.515786 -3.150134 4.421055 0.694979 -0.060547 0.716476 0.431729 -0.892238 -0.132372 0 0 0 0 0 0 
-0.243049 -3.432444 4.293877 0.306946 -0.138827 0.941547 0.538633 -0.838019 -0.087176 0 0 0 0 0 0 
0.097575 -3.703309 4.278600 -0.183173 -0.382257 0.905719 0.488228 -0.868988 -0.080583 0 0 0 0 0 0 
0.398880 -3.985517 4.325155 -0.743810 -0.525298 0.413290 0.409640 -0.905455 -0.111112 0 0 0 0 0 0 
0.598862 -4.346191 4.424798 -0.910499 -0.349674 -0.220724 0.351738 -0.928554 -0.118605 0 0 0 0 0 0 
0.715807 -4.792367 4.542143 -0.731733 -0.018896 -0.681330 0.326915 -0.925406 -0.191705 0 0 0 0 0 0 
0.725943 -5.235932 4.526078 -0.332127 0.351600 -0.875254 0.262958 -0.936252 -0.232994 0 0 0 0 0 0 
0.663568 -5.646043 4.386939 0.144039 0.630187 -0.762966 0.246477 -0.922918 -0.295755 0 0 0 0 0 0 
0.663660 -6.000923 4.187154 0.545578 0.699061 -0.462231 0.238960 -0.887885 -0.393139 0 0 0 0 0 0 
0.657246 -6.213947 3.900460 0.887078 0.460702 0.029092 0.289908 -0.836912 -0.464253 0 0 0 0 0 0 
0.769303 -6.363771 3.638524 0.890362 -0.071980 0.449527 0.374805 -0.776439 -0.506619 0 0 0 0 0 0 
0.976583 -6.455102 3.421297 0.603734 -0.564207 0.563183 0.436975 -0.694832 -0.571193 0 0 0 0 0 0 
1.279899 -6.567748 3.272447 0.161831 -0.889004 0.428349 0.506433 -0.660093 -0.554800 0 0 0 0 0 0 
1.614010 -6.760171 3.162323 -0.199074 -0.959181 0.200854 0.561240 -0.657008 -0.503339 0 0 0 0 0 0 
1.903343 -7.079349 3.119508 -0.595770 -0.782063 -0.182855 0.516734 -0.670119 -0.532847 0 0 0 0 0 0 
2.143279 -7.489342 3.000520 -0.831746 -0.235020 -0.502955 0.419147 -0.696381 -0.582554 0 0 0 0 0 0 
2.233452 -7.964124 2.804236 -0.609473 0.507173 -0.609359 0.442837 -0.645470 -0.622306 0 0 0 0 0 0 
2.274880 -8.367930 2.488408 -0.171513 0.924593 -0.340164 0.372025 -0.566684 -0.735164 0 0 0 0 0 0 
2.224890 -9.180670 2.831211 -0.912612 0.030430 -0.407693 0.159387 -0.537972 -0.827757 0 0 0 0 0 0 
2.177892 -9.501741 2.615151 -0.502816 0.516946 -0.692779 0.136059 -0.577101 -0.805259 0 0 0 0 0 0 
2.033830 -9.756771 2.269216 0.020743 0.789731 -0.613103 0.072426 -0.543896 -0.836021 0 0 0 0 0 0 
1.892963 -9.942259 1.866693 0.589503 0.718254 -0.369590 0.027763 -0.461697 -0.886603 0 0 0 0 0 0 
1.789786 -9.972540 1.407455 0.935991 0.351802 0.012496 0.031473 -0.315428 -0.948428 0 0 0 0 0 0 
1.835765 -9.943332 0.964284 0.931509 -0.116137 0.344679 0.029367 -0.221056 -0.974819 0 0 0 0 0 0 
1.944739 -9.863368 0.606988 0.633618 -0.694221 0.341445 0.038409 -0.181173 -0.982701 0 0 0 0 0 0 
2.110853 -9.859130 0.273080 0.192816 -0.950764 0.242633 0.042707 -0.187092 -0.981414 0 0 0 0 0 0 
2.264296 -9.950831 -0.047481 -0.323134 -0.934776 0.147576 0.057994 -0.233575 -0.970608 0 0 0 0 0 0 
2.407299 -10.150182 -0.343616 -0.834056 -0.547099 -0.070941 -0.021612 -0.263474 -0.964424 0 0 0 0 0 0 
2.434709 -10.415270 -0.648170 -0.960847 0.145038 -0.236086 -0.046554 -0.214020 -0.975719 0 0 0 0 0 0 
2.313309 -10.643087 -1.044493 -0.680004 0.714909 -0.162790 -0.146243 -0.155940 -0.976881 0 0 0 0 0 0 
2.119800 -10.756763 -1.438716 -0.265857 0.962330 -0.056929 -0.230893 -0.072865 -0.970247 0 0 0 0 0 0 
1.889730 -10.756270 -1.850326 0.328879 0.944352 -0.006204 -0.170184 0.023714 -0.985127 0 0 0 0 0 0 
1.682097 -10.598033 -2.219349 0.780853 0.624656 -0.008513 -0.236706 0.162302 -0.957929 0 0 0 0 0 0 
1.539333 -10.353008 -2.567345 0.994651 0.072942 -0.073140 -0.174535 0.228828 -0.957693 0 0 0 0 0 0 
1.525662 -10.100395 -2.891739 0.838393 -0.501747 -0.212949 -0.123138 0.276987 -0.952951 0 0 0 0 0 0 
1.565382 -9.880161 -3.221600 0.495905 -0.809944 -0.313160 -0.016378 0.279129 -0.960114 0 0 0 0 0 0 
1.721344 -9.771344 -3.505138 -0.156168 -0.851925 -0.499836 -0.046646 0.280437 -0.958738 0 0 0 0 0 0 
1.857430 -9.761631 -3.920725 -0.637162 -0.677380 -0.367669 -0.081945 0.258921 -0.962416 0 0 0 0 0 0 
1.910562 -9.791815 -4.370868 -0.972518 -0.205956 -0.108586 -0.107351 0.267564 -0.957541 0 0 0 0 0 0 
1.865986 -9.840968 -4.835016 -0.881964 0.356949 0.307779 -0.171618 0.228788 -0.958229 0 0 0 0 0 0 
1.668718 -9.853793 -5.205192 -0.519622 0.771729 0.366643 -0.338963 0.209318 -0.917219 0 0 0 0 0 0 
1.424601 -9.776819 -5.563774 0.022547 0.932084 0.361540 -0.333330 0.321780 -0.886199 0 0 0 0 0 0 
1.174874 -9.627839 -5.845290 0.522547 0.851382 0.045754 -0.276677 0.413337 -0.867527 0 0 0 0 0 0 
1.003023 -9.351898 -6.081168 0.850518 0.429332 -0.303799 -0.266176 0.514628 -0.815051 0 0 0 0 0 0 
0.920194 -9.024990 -6.300083 0.778201 -0.006953 -0.627977 -0.221447 0.517679 -0.826420 0 0 0 0 0 0 
0.199504 -9.004947 -6.549522 -0.603211 -0.482850 -0.634817 -0.830578 0.281072 -0.480768 0 0 0 0 0 0 
-0.106022 -8.887785 -6.861695 0.532592 -0.486221 0.692773 -0.763576 0.170229 -0.622875 0 0 0 0 0 0 
-0.344141 -8.880869 -7.078802 0.545012 -0.186480 0.817427 -0.878037 0.100939 -0.467827 0 0 0 0 0 0 
-0.725419 -8.324463 -7.677189 -0.341145 0.242103 0.908298 0.388897 0.921144 0.015928 0 0 0 0 0 0 
-0.750552 -7.986483 -7.702781 0.315512 -0.401673 0.859716 0.314097 0.949378 -0.004923 0 0 0 0 0 0 
-0.572339 -7.674394 -7.405427 0.807758 -0.428435 0.404932 0.558918 0.804094 0.202594 0 0 0 0 0 0 
-0.408329 -7.436805 -7.067174 0.800910 -0.421247 -0.425553 0.552344 0.804403 0.218751 0 0 0 0 0 0 
-0.465513 -7.253906 -6.954409 0.107759 -0.190520 -0.975751 0.781873 0.623350 -0.010430 0 0 0 0 0 0 
-0.686414 -7.171828 -6.237752 0.806297 0.077907 0.586358 -0.581746 0.422976 0.694739 0 0 0 0 0 0 
-0.881917 -7.177512 -5.815644 0.764536 0.615786 0.190503 -0.553445 0.368339 0.747011 0 0 0 0 0 0 
-0.969252 -7.075846 -5.362475 0.481264 0.830490 -0.280483 -0.458945 0.431835 0.776459 0 0 0 0 0 0 
-0.920746 -6.912419 -4.976359 -0.102470 0.826986 -0.552805 -0.412079 0.477874 0.775775 0 0 0 0 0 0 
-0.882540 -6.587311 -4.670756 -0.539117 0.544875 -0.642233 -0.385680 0.630528 0.673561 0 0 0 0 0 0 
-0.897287 -6.164677 -4.477852 -0.854439 0.084010 -0.512714 -0.399652 0.701925 0.589559 0 0 0 0 0 0 
-1.025228 -5.717843 -4.422106 -0.916223 -0.381205 -0.123361 -0.462020 0.709448 0.532185 0 0 0 0 0 0 
-1.329728 -5.335536 -4.385474 -0.682258 -0.682779 0.261414 -0.552043 0.706650 0.442600 0 0 0 0 0 0 
-1.731179 -5.060158 -4.337466 -0.216463 -0.727647 0.650902 -0.590224 0.616843 0.520711 0 0 0 0 0 0 
-2.152821 -4.924170 -4.199192 0.345043 -0.501115 0.793618 -0.619977 0.547047 0.562467 0 0 0 0 0 0 
0.431148 -4.940705 3.911705 0.407168 -0.438103 0.801424 -0.455390 0.816778 0.354251 0 0 0 0 0 0 
0.213928 -4.789070 4.077906 0.734428 0.037808 0.677633 -0.447552 0.826207 0.342168 0 0 0 0 0 0 
0.023143 -4.583380 4.296087 0.879243 0.430395 0.204185 -0.332123 0.884539 0.327544 0 0 0 0 0 0 
-0.047890 -4.311558 4.585995 0.718084 0.555321 -0.419493 -0.357111 0.878486 0.317387 0 0 0 0 0 0 
-0.057227 -3.978089 4.813829 0.204963 0.491993 -0.846128 -0.296748 0.929506 0.218998 0 0 0 0 0 0 
-0.020999 -3.590895 4.931086 -0.332586 0.252681 -0.908591 -0.266424 0.945617 0.186617 0 0 0 0 0 0 
0.001963 -3.210827 4.914489 -0.733002 0.107895 -0.671615 -0.279255 0.957798 0.068110 0 0 0 0 0 0 
-0.035418 -2.837086 4.771558 -0.981174 0.048170 -0.187022 -0.276634 0.958307 -0.071567 0 0 0 0 0 0 
-0.180260 -2.490202 4.598048 -0.960284 0.012108 0.278762 -0.380574 0.916837 -0.120720 0 0 0 0 0 0 
-0.438376 -2.199145 4.423515 -0.586505 0.168754 0.792171 -0.433880 0.877979 -0.202239 0 0 0 0 0 0 
-0.732053 -1.909082 4.303297 -0.144847 0.341028 0.928827 -0.481718 0.860424 -0.166188 0 0 0 0 0 0 
-1.049338 -1.607913 4.264524 0.420348 0.389036 0.819731 -0.481599 0.868787 -0.115202 0 0 0 0 0 0 
-1.366343 -1.279958 4.334560 0.843356 0.357714 0.400989 -0.473289 0.875476 -0.097673 0 0 0 0 0 0 
-1.571065 -0.908796 4.470741 0.951218 0.212800 -0.223384 -0.397685 0.916439 -0.044556 0 0 0 0 0 0 
-1.640650 -0.480042 4.568772 0.705190 -0.070737 -0.705481 -0.328814 0.939308 -0.097892 0 0 0 0 0 0 
-1.668152 -0.054058 4.551076 0.379131 -0.362605 -0.851338 -0.272761 0.950707 -0.147505 0 0 0 0 0 0 
-1.609809 0.272550 4.494744 -0.197454 -0.366402 -0.909264 -0.198477 0.948809 -0.245698 0 0 0 0 0 0 
-1.523923 0.509634 4.318027 -0.846521 -0.059707 -0.528997 -0.180723 0.932397 -0.313011 0 0 0 0 0 0 
-1.548465 0.765488 4.095057 -0.982392 0.186700 0.007030 -0.254145 0.886518 -0.386648 0 0 0 0 0 0 
-1.679648 1.155369 3.911617 -0.760421 0.408010 0.505260 -0.320528 0.839746 -0.438279 0 0 0 0 0 0 
-1.603360 1.536657 3.778360 0.360832 0.725280 -0.586317 -0.157411 -0.256555 -0.953626 0 0 0 0 0 0 
-0.648196 -0.337865 -0.269919 0.145164 -0.665895 -0.731786 0.943562 -0.308832 0.119641 0 0 0 0 0 0 
-0.491720 -0.541704 -0.160638 0.568118 0.003705 -0.822939 0.962111 -0.255403 0.095457 0 0 0 0 0 0 
-0.400799 -0.881783 -0.470414 0.205929 0.693627 -0.690271 0.931790 -0.358425 -0.057443 0 0 0 0 0 0 
-0.085821 -1.134625 -0.673328 0.107774 0.992549 -0.056835 0.944189 -0.297290 -0.141863 0 0 0 0 0 0 
0.250764 -1.226404 -0.889996 0.067185 0.891257 0.448494 0.965434 -0.203874 -0.162399 0 0 0 0 0 0 
0.596092 -1.180308 -1.003594 0.029594 0.647449 0.761534 0.983121 -0.102590 -0.151489 0 0 0 0 0 0 
0.916720 -1.015231 -1.098113 -0.017895 0.005863 0.999823 0.996958 -0.077434 -0.008916 0 0 0 0 0 0 
1.262553 -0.840403 -1.008252 -0.059450 -0.691360 0.720061 0.994546 -0.093357 0.046514 0 0 0 0 0 0 
1.596519 -0.742933 -0.848983 -0.059526 -0.971985 0.227380 0.976897 -0.174769 0.122998 0 0 0 0 0 0 
1.870081 -0.828577 -0.630662 0.054051 -0.955132 -0.291208 0.945507 -0.258821 0.197555 0 0 0 0 0 0 
2.158047 -1.049910 -0.393545 0.178506 -0.667818 -0.722603 0.913445 -0.338032 0.226610 0 0 0 0 0 0 
2.444347 -1.352767 -0.238671 0.314366 -0.166246 -0.934632 0.905425 -0.389343 0.169170 0 0 0 0 0 0 
2.771366 -1.681884 -0.253288 0.369461 0.430889 -0.823306 0.915763 -0.388099 0.103719 0 0 0 0 0 0 
3.155792 -1.968264 -0.361569 0.240705 0.915733 -0.321705 0.943098 -0.327464 0.057744 0 0 0 0 0 0 
3.534541 -2.134642 -0.530559 0.134930 0.972333 0.190689 0.972403 -0.231279 -0.030687 0 0 0 0 0 0 
3.955481 -2.131588 -0.691725 -0.072834 0.815810 0.573715 0.987079 -0.088665 -0.133469 0 0 0 0 0 0 
4.266942 -2.035308 -0.807809 0.014380 0.448595 0.893620 0.998576 -0.033322 -0.041652 0 0 0 0 0 0 
4.580061 -1.845828 -0.835153 0.102558 -0.168872 0.980288 0.999494 0.003934 0.031551 0 0 0 0 0 0 
4.896681 -1.656921 -0.755681 0.236669 -0.693318 0.680660 0.996992 0.064459 0.043028 0 0 0 0 0 0 
5.203388 -1.514616 -0.595192 0.333167 -0.930374 0.152982 0.995586 0.064488 0.068194 0 0 0 0 0 0 
5.557573 -1.533555 -0.416202 0.326121 -0.861436 -0.389324 0.992296 0.096307 0.077935 0 0 0 0 0 0 
5.992643 -1.641981 -0.257184 0.168023 -0.459375 -0.872206 0.996632 0.048746 0.065944 0 0 0 0 0 0 
6.451055 -1.790182 -0.202780 -0.029897 0.075344 -0.996709 0.999509 0.014746 0.027636 0 0 0 0 0 0 
6.892557 -1.949869 -0.257449 -0.203678 0.529037 -0.823793 0.996626 0.028103 -0.077117 0 0 0 0 0 0 
7.267348 -2.079237 -0.452979 -0.235496 0.908674 -0.344751 0.984492 0.065071 -0.162917 0 0 0 0 0 0 
7.588814 -2.064103 -0.707892 -0.107350 0.909805 0.400914 0.985110 0.112940 -0.129624 0 0 0 0 0 0 
7.908354 -1.880237 -0.868756 0.029557 0.485782 0.873580 0.949370 0.287915 -0.125708 0 0 0 0 0 0 
8.202993 -1.579967 -0.920790 0.307344 -0.347230 0.885986 0.935325 0.328061 -0.132447 0 0 0 0 0 0 
8.530194 -1.381669 -0.805648 0.304466 -0.889490 0.340746 0.935910 0.351487 0.023010 0 0 0 0 0 0 
8.259947 -1.039666 -1.435362 -0.927755 0.373161 0.004671 0.252286 -0.079106 -0.964414 0 0 0 0 0 0 
8.093455 -1.189205 -1.672329 -0.268732 0.963184 -0.007660 0.160789 -0.084730 -0.983345 0 0 0 0 0 0 
7.967596 -1.242015 -1.929388 0.363664 0.930107 0.051472 0.131419 0.038461 -0.990580 0 0 0 0 0 0 
8.394440 -1.531793 -2.022843 0.901529 0.423547 0.088620 -0.386454 -0.759418 -0.523391 0 0 0 0 0 0 
8.891742 -1.912947 -2.347724 0.419025 -0.902587 0.098769 0.131059 -0.822826 0.552975 0 0 0 0 0 0 
9.042394 -2.063221 -2.604128 -0.415157 0.795431 0.441514 -0.952871 -0.094147 -0.288397 0 0 0 0 0 0 
9.060617 -2.514378 -2.962021 -0.397829 0.917221 0.020918 -0.138037 -0.590184 -0.795379 0 0 0 0 0 0 
9.035744 -2.676327 -3.151438 -0.140313 0.899542 0.413687 -0.149845 -0.492516 -0.857306 0 0 0 0 0 0 
8.906431 -3.084768 -3.405036 0.988687 -0.051948 -0.140710 -0.413907 -0.354314 -0.838536 0 0 0 0 0 0 
8.986648 -3.737118 -3.501020 0.385459 -0.435867 0.813290 -0.858463 -0.491444 0.146708 0 0 0 0 0 0 
8.862827 -4.067856 -3.464742 -0.185394 0.328895 0.925990 -0.839890 -0.515333 0.170342 0 0 0 0 0 0 
8.741978 -4.415010 -3.280062 -0.503503 0.664110 0.552668 -0.772373 -0.569047 0.282181 0 0 0 0 0 0 
8.558595 -4.662337 -2.979806 -0.673410 0.738489 0.033967 -0.754503 -0.546782 0.362980 0 0 0 0 0 0 
8.249468 -4.763537 -2.650228 -0.677755 0.542825 -0.495973 -0.797222 -0.488449 0.354760 0 0 0 0 0 0 
7.859701 -4.754274 -2.387851 -0.399366 -0.070991 -0.914039 -0.800144 -0.460089 0.384822 0 0 0 0 0 0 
7.412265 -4.707506 -2.324385 0.053585 -0.673084 -0.737622 -0.855237 -0.386759 0.344944 0 0 0 0 0 0 
6.936953 -4.759143 -2.397597 0.373820 -0.891154 -0.257104 -0.863485 -0.423729 0.273584 0 0 0 0 0 0 
6.522372 -4.988626 -2.552327 0.585102 -0.752233 0.302989 -0.816133 -0.500657 0.288564 0 0 0 0 0 0 
6.222455 -5.344446 -2.646887 0.559171 -0.396208 0.728249 -0.765658 -0.552474 0.329454 0 0 0 0 0 0 
5.993943 -5.784559 -2.600307 0.390124 0.115868 0.913443 -0.668511 -0.623607 0.405225 0 0 0 0 0 0 
5.868560 -6.217538 -2.372731 0.061965 0.600742 0.797038 -0.636345 -0.578174 0.510665 0 0 0 0 0 0 
5.779614 -6.541661 -1.985023 -0.271891 0.851917 0.447563 -0.531082 -0.526988 0.663502 0 0 0 0 0 0 
5.721821 -6.743353 -1.546777 -0.596570 0.802385 0.016824 -0.575765 -0.463074 0.673838 0 0 0 0 0 0 
5.585306 -6.740752 -1.036004 -0.789505 0.433916 -0.434050 -0.579927 -0.378018 0.721656 0 0 0 0 0 0 
5.300804 -6.663497 -0.642299 -0.702782 -0.029555 -0.710791 -0.678611 -0.319928 0.661160 0 0 0 0 0 0 
4.877793 -6.560645 -0.383244 -0.349857 -0.553419 -0.755862 -0.787752 -0.277475 0.549959 0 0 0 0 0 0 
4.383015 -6.509568 -0.283047 0.002410 -0.850986 -0.525183 -0.809879 -0.320852 0.491070 0 0 0 0 0 0 
3.909811 -6.616800 -0.315428 0.390614 -0.920536 -0.005873 -0.784356 -0.375947 0.493406 0 0 0 0 0 0 
3.521414 -6.881305 -0.331733 0.634900 -0.642506 0.429056 -0.750855 -0.455959 0.477826 0 0 0 0 0 0 
3.232198 -7.293021 -0.254396 0.704475 -0.136654 0.696448 -0.629685 -0.563412 0.534849 0 0 0 0 0 0 
3.086233 -7.733423 -0.094693 0.468076 0.430321 0.771835 -0.574274 -0.507343 0.642505 0 0 0 0 0 0 
3.074649 -8.087996 0.231613 0.053089 0.815920 0.575722 -0.531429 -0.478727 0.698859 0 0 0 0 0 0 
3.063472 -8.257902 0.687280 -0.336866 0.917250 0.212540 -0.433272 -0.358214 0.827017 0 0 0 0 0 0 
3.001978 -8.279473 1.131040 -0.629393 0.764163 -0.141137 -0.452763 -0.156250 0.877833 0 0 0 0 0 0 
2.879689 -8.094597 1.561375 -0.815958 0.283502 -0.503824 -0.561380 -0.052388 0.825898 0 0 0 0 0 0 
2.673933 -7.823547 1.879324 -0.700782 -0.487799 -0.520536 -0.554505 0.096118 0.826611 0 0 0 0 0 0 
2.393261 -7.618990 2.082880 -0.271422 -0.935342 -0.226859 -0.593458 0.281178 0.754153 0 0 0 0 0 0 
2.051665 -7.544358 2.207739 0.282742 -0.923957 0.257605 -0.577749 0.371544 0.726747 0 0 0 0 0 0 
1.748600 -7.581863 2.381074 0.681406 -0.513217 0.521818 -0.517049 0.402132 0.755613 0 0 0 0 0 0 
1.551300 -7.664505 2.628590 0.802573 0.268042 0.532944 -0.530575 0.416513 0.738246 0 0 0 0 0 0 
1.447775 -7.699258 2.953452 0.529413 0.818789 0.222051 -0.433361 0.511130 0.742256 0 0 0 0 0 0 
1.410437 -7.573104 3.325916 0.231456 0.953131 -0.194855 -0.362137 0.636588 0.680891 0 0 0 0 0 0 
1.397957 -7.312829 3.647576 -0.181376 0.858005 -0.480552 -0.316347 0.760235 0.567422 0 0 0 0 0 0 
1.410509 -6.891846 3.858071 -0.556275 0.561605 -0.612501 -0.273320 0.836835 0.474344 0 0 0 0 0 0 
1.407743 -6.420023 3.938648 -0.882097 0.118827 -0.455835 -0.258006 0.904858 0.338623 0 0 0 0 0 0 
1.298845 -5.934190 3.926247 -0.896088 -0.443237 -0.023813 -0.326275 0.912345 0.247330 0 0 0 0 0 0 
1.068005 -5.526494 3.861119 -0.569057 -0.669575 0.477329 -0.401975 0.883927 0.238932 0 0 0 0 0 0 
0.762155 -5.220270 3.843919 -0.061686 -0.572072 0.817881 -0.448060 0.862488 0.235279 0 0 0 0 0 0 
5.781760 -2.258738 -0.679474 -0.254941 0.894511 0.367227 -0.968922 -0.105809 0.223597 0 0 0 0 0 0 
5.487019 -2.294971 -0.453298 -0.340075 0.919648 -0.196462 -0.978370 -0.001635 0.206856 0 0 0 0 0 0 
5.098752 -2.183967 -0.228261 -0.321532 0.656625 -0.682247 -0.981685 0.111370 0.154566 0 0 0 0 0 0 
4.666901 -1.982537 -0.082166 -0.110801 0.197273 -0.974067 -0.979787 0.190750 0.060262 0 0 0 0 0 0 
4.273573 -1.708761 -0.089976 0.010426 -0.418367 -0.908218 -0.946578 0.322473 -0.001114 0 0 0 0 0 0 
3.927894 -1.431419 -0.184209 0.027633 -0.781625 -0.623137 -0.947223 0.303175 -0.104180 0 0 0 0 0 0 
3.594505 -1.302717 -0.401710 -0.014690 -0.993015 -0.117066 -0.930786 0.252852 -0.264014 0 0 0 0 0 0 
3.316449 -1.247999 -0.665839 -0.171638 -0.889883 0.422669 -0.925832 0.130707 -0.354614 0 0 0 0 0 0 
3.041727 -1.394145 -0.908978 -0.353653 -0.346926 0.868661 -0.957916 0.084525 -0.274321 0 0 0 0 0 0 
2.717789 -1.531421 -1.037082 -0.340443 0.245234 0.907722 -0.985164 0.023787 -0.169961 0 0 0 0 0 0 
2.322661 -1.655102 -1.039745 -0.165610 0.704685 0.689922 -0.995466 0.087020 -0.038394 0 0 0 0 0 0 
1.927021 -1.692519 -0.881414 -0.074132 0.963347 0.257812 -0.990059 0.134741 0.040339 0 0 0 0 0 0 
1.547486 -1.604085 -0.654866 0.025527 0.977104 -0.211227 -0.957551 0.240933 0.158264 0 0 0 0 0 0 
1.208196 -1.369931 -0.446811 0.064574 0.688326 -0.722522 -0.942192 0.324284 0.084346 0 0 0 0 0 0 
0.901813 -1.034376 -0.334763 0.004607 0.017697 -0.999833 -0.919753 0.384002 0.081217 0 0 0 0 0 0 
0.604501 -0.705281 -0.347828 -0.019427 -0.546144 -0.837466 -0.916560 0.396476 -0.052193 0 0 0 0 0 0 
0.291018 -0.452843 -0.475263 -0.062257 -0.859973 -0.506528 -0.941621 0.323770 -0.092324 0 0 0 0 0 0 
-0.000367 -0.341836 -0.682143 -0.095424 -0.995163 0.023362 -0.960572 0.267284 -0.076555 0 0 0 0 0 0 
-0.256071 -0.354321 -0.864639 -0.234708 -0.686139 0.688568 -0.972638 0.212710 -0.093430 0 0 0 0 0 0 
0.015724 0.177364 -0.738687 0.594177 -0.672756 -0.440854 -0.884322 0.181911 -0.429980 0 0 0 0 0 0 
0.079415 0.535818 -0.537224 0.399405 0.916600 -0.017869 -0.902536 0.278065 -0.328800 0 0 0 0 0 0 
4.578956 -3.677077 -5.636804 -0.343585 0.643061 -0.684414 -0.819045 -0.513131 -0.256636 0 0 0 0 0 0 
4.132385 -3.742627 -5.641440 0.006193 0.332348 -0.943136 -0.847901 -0.395959 -0.352534 0 0 0 0 0 0 
3.691607 -3.666118 -5.805124 0.352123 -0.172256 -0.919966 -0.837894 -0.378584 -0.393202 0 0 0 0 0 0 
3.308282 -3.613103 -6.108121 0.524951 -0.705185 -0.476593 -0.813082 -0.455626 -0.362357 0 0 0 0 0 0 
2.990908 -3.746305 -6.508213 0.570543 -0.809588 0.138017 -0.732979 -0.528238 -0.428610 0 0 0 0 0 0 
2.778869 -4.005877 -6.861400 0.372947 -0.671675 0.640128 -0.651300 -0.644707 -0.400202 0 0 0 0 0 0 
2.729470 -4.386147 -7.131475 -0.011078 -0.351954 0.935952 -0.583743 -0.728402 -0.358713 0 0 0 0 0 0 
2.662916 -4.825047 -7.226146 -0.361117 0.056389 0.930814 -0.555053 -0.805385 -0.208017 0 0 0 0 0 0 
2.588189 -5.294635 -7.112969 -0.675096 0.450601 0.584126 -0.564480 -0.823829 -0.051652 0 0 0 0 0 0 
2.410405 -5.662177 -6.845299 -0.785877 0.616413 -0.049331 -0.615199 -0.785645 0.065517 0 0 0 0 0 0 
2.097089 -5.894536 -6.567207 -0.590331 0.490635 -0.640926 -0.692063 -0.717491 0.079095 0 0 0 0 0 0 
1.696556 -6.000005 -6.390916 -0.275006 0.156891 -0.948555 -0.756618 -0.649873 0.072070 0 0 0 0 0 0 
1.244059 -6.105363 -6.411619 0.189094 -0.134860 -0.972654 -0.722361 -0.678931 -0.131329 0 0 0 0 0 0 
0.837401 -6.187625 -6.608044 0.577502 -0.446994 -0.683145 -0.661823 -0.730035 -0.170411 0 0 0 0 0 0 
0.557653 -6.400400 -6.936489 0.800157 -0.593346 -0.087690 -0.608276 -0.759104 -0.231864 0 0 0 0 0 0 
0.403431 -6.693579 -7.299117 0.628552 -0.470365 0.619419 -0.548278 -0.807027 -0.219314 0 0 0 0 0 0 
0.379253 -7.066934 -7.522439 0.120882 -0.178415 0.976502 -0.528408 -0.815664 -0.235536 0 0 0 0 0 0 
0.356149 -7.460468 -7.563876 -0.362348 0.144721 0.920739 -0.501133 -0.853355 -0.143704 0 0 0 0 0 0 
0.333579 -7.806767 -7.428524 -0.810942 0.412329 0.415161 -0.494154 -0.867572 -0.055958 0 0 0 0 0 0 
0.195432 -8.096846 -7.180724 -0.821858 0.463641 -0.331038 -0.546273 -0.837597 0.004148 0 0 0 0 0 0 
0.860919 -8.588254 -7.553330 0.837815 0.531015 -0.126844 0.158438 -0.403929 0.900966 0 0 0 0 0 0 
1.028174 -8.779184 -7.287268 0.262678 0.848744 0.458949 0.222008 -0.430957 0.874636 0 0 0 0 0 0 
1.246235 -8.882879 -6.977842 -0.626676 0.361642 0.690284 0.280739 -0.484273 0.828653 0 0 0 0 0 0 
1.430330 -9.003674 -6.651622 -0.827739 -0.050421 0.558843 0.311458 -0.387265 0.867767 0 0 0 0 0 0 
1.521248 -9.075322 -6.239076 -0.886501 -0.385297 0.256248 0.233045 -0.366384 0.900807 0 0 0 0 0 0 
1.520062 -9.110660 -5.795869 -0.586475 -0.804891 -0.090537 0.136341 -0.336574 0.931734 0 0 0 0 0 0 
1.437103 -9.188232 -5.330306 -0.040784 -0.915806 -0.399544 0.104219 -0.348864 0.931361 0 0 0 0 0 0 
1.324576 -9.361256 -4.967881 0.556796 -0.747179 -0.362908 0.109767 -0.375510 0.920295 0 0 0 0 0 0 
1.245778 -9.598874 -4.651518 0.912441 -0.348048 -0.215207 0.147287 -0.433378 0.889095 0 0 0 0 0 0 
1.290424 -9.875959 -4.394931 0.988603 0.137789 0.060647 0.144485 -0.442047 0.885279 0 0 0 0 0 0 
1.406966 -10.180428 -4.159237 0.673587 0.635012 0.378206 0.198077 -0.375602 0.905367 0 0 0 0 0 0 
1.628813 -10.388164 -3.867536 0.150710 0.834439 0.530092 0.224334 -0.291508 0.929891 0 0 0 0 0 0 
1.883197 -10.458378 -3.476897 -0.394856 0.814797 0.424494 0.220715 -0.177325 0.959083 0 0 0 0 0 0 
2.091235 -10.414728 -3.046035 -0.827768 0.505298 0.243873 0.173840 -0.129069 0.976279 0 0 0 0 0 0 
2.211543 -10.319287 -2.603190 -0.999976 -0.003214 0.006102 0.121953 -0.062397 0.990573 0 0 0 0 0 0 
2.200074 -10.194413 -2.233660 -0.752860 -0.656803 -0.042559 0.043184 -0.003194 0.999062 0 0 0 0 0 0 
2.091795 -10.090131 -1.828071 -0.338454 -0.940724 -0.022072 -0.031002 0.046795 0.998423 0 0 0 0 0 0 
1.933581 -10.067995 -1.505043 0.232359 -0.960745 0.151588 0.000306 0.068922 0.997622 0 0 0 0 0 0 
1.830003 -10.119693 -1.134363 0.668445 -0.737936 0.092911 0.072490 -0.018509 0.997197 0 0 0 0 0 0 
1.771601 -10.309513 -0.806245 0.960832 -0.144872 0.236250 0.030089 -0.004437 0.999537 0 0 0 0 0 0 
1.839717 -10.484806 -0.397922 0.837256 0.539418 0.089615 0.070655 0.094062 0.993056 0 0 0 0 0 0 
2.024394 -10.532287 0.032131 0.418553 0.899648 -0.124285 0.146465 0.129756 0.980669 0 0 0 0 0 0 
2.220855 -10.494842 0.472318 -0.154258 0.928243 -0.338481 0.077537 0.179512 0.980695 0 0 0 0 0 0 
2.395060 -10.327649 0.848026 -0.714866 0.589920 -0.375448 0.094529 0.268176 0.958721 0 0 0 0 0 0 
2.484019 -10.043454 1.181069 -0.930901 0.210051 -0.298833 0.050607 0.427599 0.902551 0 0 0 0 0 0 
2.464529 -9.721781 1.414640 -0.928088 -0.372030 -0.015679 -0.047941 0.498321 0.865666 0 0 0 0 0 0 
2.309692 -9.436764 1.631245 -0.629759 -0.711755 0.311141 -0.189079 0.497647 0.846520 0 0 0 0 0 0 
2.069416 -9.213553 1.816595 -0.041315 -0.795821 0.604121 -0.280953 0.471499 0.835915 0 0 0 0 0 0 
1.851419 -9.082788 2.053389 0.420609 -0.524399 0.740333 -0.303554 0.386068 0.871095 0 0 0 0 0 0 
1.771874 -8.896651 1.674805 0.607764 0.328551 0.722964 -0.298104 0.354283 0.886351 0 0 0 0 0 0 
1.953949 -8.200174 1.340505 0.733377 0.395794 0.552726 0.506632 0.239290 -0.828290 0 0 0 0 0 0 
2.116767 -7.876042 1.089790 0.834008 -0.187715 0.518839 0.563634 0.336317 -0.754458 0 0 0 0 0 0 
2.367919 -7.522330 0.970686 0.638147 -0.754919 0.151212 0.622412 0.415727 -0.663155 0 0 0 0 0 0 
2.750005 -7.272439 0.937226 0.279884 -0.937414 -0.207171 0.698651 0.371696 -0.611333 0 0 0 0 0 0 
3.184294 -7.183904 0.903212 -0.122661 -0.787670 -0.603763 0.760391 0.319470 -0.565459 0 0 0 0 0 0 
3.610268 -7.263057 0.775090 -0.469769 -0.409653 -0.781985 0.744003 0.223886 -0.629551 0 0 0 0 0 0 
3.956379 -7.416923 0.517664 -0.657227 0.128172 -0.742715 0.724801 0.185428 -0.663536 0 0 0 0 0 0 
4.224729 -7.590375 0.136729 -0.659916 0.626692 -0.414450 0.623792 0.200291 -0.755491 0 0 0 0 0 0 
4.336163 -7.642622 -0.347081 -0.358462 0.932710 0.039467 0.612715 0.291603 -0.734540 0 0 0 0 0 0 
4.410412 -7.488724 -0.839766 -0.027107 0.866859 0.497817 0.564496 0.428363 -0.705584 0 0 0 0 0 0 
4.458946 -7.169360 -1.217109 0.393723 0.546476 0.739152 0.536839 0.548621 -0.640952 0 0 0 0 0 0 
4.509469 -6.713257 -1.433402 0.723837 0.032597 0.689201 0.542943 0.586188 -0.601330 0 0 0 0 0 0 
4.717237 -6.239483 -1.542020 0.773352 -0.428767 0.466996 0.612777 0.623110 -0.486043 0 0 0 0 0 0 
5.049737 -5.838340 -1.531730 0.603952 -0.796552 0.027312 0.728288 0.580633 -0.363952 0 0 0 0 0 0 
5.484603 -5.592935 -1.497265 0.278410 -0.869994 -0.406938 0.812227 0.451860 -0.368931 0 0 0 0 0 0 
5.970534 -5.583942 -1.491344 -0.120635 -0.561671 -0.818518 0.863842 0.356130 -0.356300 0 0 0 0 0 0 
6.434479 -5.685274 -1.583777 -0.403905 -0.069661 -0.912145 0.844238 0.321771 -0.428633 0 0 0 0 0 0 
6.832075 -5.761432 -1.843002 -0.576459 0.332914 -0.746233 0.801244 0.292472 -0.521985 0 0 0 0 0 0 
7.141597 -5.820453 -2.234338 -0.568459 0.770653 -0.288006 0.753816 0.356877 -0.551725 0 0 0 0 0 0 
7.330805 -5.723016 -2.690707 -0.347477 0.901558 0.257786 0.686462 0.401798 -0.606076 0 0 0 0 0 0 
7.462892 -5.462147 -3.076926 -0.025732 0.695823 0.717752 0.652399 0.492913 -0.575683 0 0 0 0 0 0 
7.562936 -5.069807 -3.316277 0.332784 0.226182 0.915476 0.698917 0.530477 -0.479696 0 0 0 0 0 0 
7.719746 -4.719537 -3.399663 0.614149 -0.339686 0.712344 0.708255 0.595755 -0.378749 0 0 0 0 0 0 
7.330126 -4.474882 -3.068151 0.548347 -0.239325 0.801274 0.736623 0.601642 -0.308892 0 0 0 0 0 0 
7.544445 -4.128620 -3.053065 0.632337 -0.659452 0.406538 0.803367 0.562544 -0.195311 0 0 0 0 0 0 
7.862799 -3.900441 -2.892105 0.663198 -0.743907 -0.082284 0.823357 0.561541 -0.082184 0 0 0 0 0 0 
8.212710 -3.767918 -2.749648 0.539102 -0.660549 -0.522537 0.887400 0.459136 -0.041418 0 0 0 0 0 0 
8.633183 -3.770536 -2.667283 0.226446 -0.255570 -0.939897 0.906842 0.411621 -0.090590 0 0 0 0 0 0 
8.302676 -2.824030 -2.188641 0.686416 0.726653 -0.028424 -0.638822 0.465020 -0.612914 0 0 0 0 0 0 
8.082588 -2.585826 -2.263529 0.964765 -0.143791 -0.220348 -0.625822 0.571613 -0.530665 0 0 0 0 0 0 
8.014271 -2.364343 -2.380095 0.766448 -0.598126 -0.234099 -0.522069 0.528965 -0.669059 0 0 0 0 0 0 
8.063361 -2.221461 -2.527037 0.062443 -0.981256 -0.182309 -0.576716 0.366208 -0.730267 0 0 0 0 0 0 
8.081428 -2.218151 -2.767822 -0.671154 -0.732945 0.111106 -0.575179 0.286520 -0.766208 0 0 0 0 0 0 
8.052214 -1.693816 -3.140429 0.115222 0.203826 -0.972203 0.949415 -0.061102 0.308024 0 0 0 0 0 0 
8.596612 -1.241564 -3.293641 0.491214 -0.714825 -0.497729 -0.824384 -0.299677 -0.480192 0 0 0 0 0 0 
8.408794 -1.295250 -3.598973 0.074943 -0.972736 0.219471 -0.868098 -0.189876 -0.458642 0 0 0 0 0 0 
8.144257 -1.489444 -3.881463 -0.143927 -0.363884 0.920257 -0.919638 -0.139706 -0.367080 0 0 0 0 0 0 
7.855946 -1.725194 -4.012637 -0.261191 0.440015 0.859166 -0.898889 -0.173599 -0.402320 0 0 0 0 0 0 
7.561867 -1.928386 -3.966670 -0.339525 0.935318 0.099520 -0.862622 -0.246144 -0.441924 0 0 0 0 0 0 
7.187014 -1.936102 -3.918140 -0.096029 0.659690 -0.745377 -0.864866 -0.299129 -0.403149 0 0 0 0 0 0 
6.753559 -1.890384 -4.020469 0.265226 0.186541 -0.945969 -0.824387 -0.254947 -0.505360 0 0 0 0 0 0 
6.395515 -1.792668 -4.253113 0.480566 -0.367964 -0.796027 -0.772842 -0.262270 -0.577866 0 0 0 0 0 0 
6.070969 -1.762347 -4.622310 0.530969 -0.796090 -0.290365 -0.747270 -0.362457 -0.556967 0 0 0 0 0 0 
5.824856 -1.859315 -5.056194 0.448453 -0.870236 0.203907 -0.691601 -0.429468 -0.580728 0 0 0 0 0 0 
5.679924 -2.072450 -5.444761 0.154918 -0.720992 0.675404 -0.639875 -0.483875 -0.597013 0 0 0 0 0 0 
5.592346 -2.377404 -5.758774 -0.209872 -0.394057 0.894803 -0.619329 -0.566762 -0.543335 0 0 0 0 0 0 
5.475054 -2.778433 -5.926050 -0.531683 0.052436 0.845319 -0.635294 -0.645639 -0.423736 0 0 0 0 0 0 
5.327450 -3.167947 -5.947787 -0.747950 0.475826 0.462775 -0.646393 -0.694787 -0.315352 0 0 0 0 0 0 
5.055160 -3.494827 -5.844091 -0.694568 0.715210 -0.077783 -0.764420 -0.601841 -0.231192 0 0 0 0 0 0 
