t = 0
b = 29 29 29
E = 0 0 0
-3.796836 4.109975 -0.737269 -0.208132 0.372052 0.904576 0.298336 -0.618040 -0.727339 0 0 0 0 0 0 
-3.514376 3.832788 -0.689798 0.833404 0.417305 0.362346 -0.772491 -0.438771 -0.459062 0 0 0 0 0 0 
-3.645369 3.700020 -0.335434 0.802387 0.585170 0.117266 -0.872058 -0.454413 -0.181725 0 0 0 0 0 0 
-3.979501 3.568343 -0.522120 -0.458785 0.570824 0.680938 0.339553 -0.609247 -0.716605 0 0 0 0 0 0 
-3.802551 3.393956 -0.837157 0.508061 0.854154 0.110887 -0.336323 0.310567 -0.889064 0 0 0 0 0 0 
-3.558594 3.182586 -0.585130 0.489744 0.344931 0.800733 -0.530621 -0.492146 -0.690097 0 0 0 0 0 0 
-3.865332 3.082248 -0.353018 0.911099 -0.207017 -0.356429 0.247903 -0.920812 -0.301079 0 0 0 0 0 0 
-4.067603 2.931270 -0.707915 -0.925590 -0.313103 -0.212722 0.348121 -0.665165 0.660581 0 0 0 0 0 0 
-3.783126 2.733336 -0.929180 0.573330 0.153934 -0.804734 0.588082 0.372367 -0.717985 0 0 0 0 0 0 
-3.552943 2.616080 -0.581259 -0.553095 0.567888 -0.609581 -0.464668 0.756329 -0.460490 0 0 0 0 0 0 
-3.225228 2.524985 -0.797179 -0.569758 0.528869 0.629025 0.440345 -0.772544 -0.457463 0 0 0 0 0 0 
-2.945795 2.734029 -0.948858 0.019242 -0.792800 0.609178 -0.692390 0.417720 -0.588308 0 0 0 0 0 0 
-2.682225 2.528529 -1.219530 -0.839207 0.525444 0.140143 -0.127865 0.095981 -0.987136 0 0 0 0 0 0 
-2.299150 2.654960 -1.084026 0.887533 0.408688 -0.212740 0.848951 0.438215 -0.295380 0 0 0 0 0 0 
-2.125784 2.636022 -1.450423 0.712649 0.236263 -0.660539 0.870517 0.022118 -0.491641 0 0 0 0 0 0 
-1.741213 2.578532 -1.447543 0.859780 0.240851 -0.450299 0.787262 0.076584 -0.611844 0 0 0 0 0 0 
-1.572524 2.484462 -1.821408 0.375766 0.900257 0.219856 -0.206905 0.314960 -0.926278 0 0 0 0 0 0 
-1.213887 2.529244 -1.991672 0.777703 -0.106650 0.619519 -0.768084 0.239742 -0.593777 0 0 0 0 0 0 
-1.368300 2.721429 -2.319982 0.408727 0.364738 -0.836605 0.522563 0.480245 -0.704480 0 0 0 0 0 0 
-1.631957 2.965281 -2.450498 -0.186664 -0.157478 -0.969720 -0.296066 0.339887 -0.892649 0 0 0 0 0 0 
-1.767407 2.675980 -2.716107 0.258475 -0.523458 -0.811900 0.648438 -0.245604 -0.720560 0 0 0 0 0 0 
-1.789852 2.383516 -2.436240 -0.534220 0.496934 0.683860 0.357086 -0.711150 -0.605604 0 0 0 0 0 0 
-1.960122 2.647126 -2.176929 0.908321 0.283580 -0.307467 0.960499 -0.191993 -0.201446 0 0 0 0 0 0 
-2.252323 2.744589 -2.468590 0.182535 0.132717 -0.974201 0.415378 0.072953 -0.906719 0 0 0 0 0 0 
-2.332905 2.342644 -2.565119 0.847148 0.219391 -0.483951 0.863971 0.101101 -0.493288 0 0 0 0 0 0 
-2.359572 2.260791 -2.186685 0.523892 -0.831934 0.182819 -0.636261 0.226594 -0.737447 0 0 0 0 0 0 
-2.623078 2.586896 -2.083429 0.919780 -0.274638 0.280319 -0.858119 0.440103 -0.264463 0 0 0 0 0 0 
-2.828131 2.440028 -2.413142 0.506246 0.615669 -0.603876 0.401153 0.807598 -0.432275 0 0 0 0 0 0 
-2.858379 2.061995 -2.302918 -0.664637 0.451381 0.595409 0.837531 -0.540686 0.078746 0 0 0 0 0 0 
-2.956339 2.196819 -1.924841 0.791101 0.363692 -0.491820 0.791454 0.279075 -0.543799 0 0 0 0 0 0 
-3.241112 2.424980 -2.022554 -0.846556 0.416273 -0.331752 -0.647724 0.747676 0.146402 0 0 0 0 0 0 
-3.383300 2.125829 -2.322347 0.212320 -0.131603 0.968298 -0.912997 0.295975 -0.280776 0 0 0 0 0 0 
-3.403597 1.851525 -1.978941 0.469275 0.840235 -0.271635 -0.373369 -0.092213 -0.923089 0 0 0 0 0 0 
-3.611510 2.144240 -1.773744 -0.501673 0.852681 -0.145804 -0.260970 0.943945 0.202146 0 0 0 0 0 0 
-3.343639 2.384572 -1.557717 0.946171 0.266432 -0.183777 0.769409 -0.071939 0.634692 0 0 0 0 0 0 
-3.437921 2.786130 -1.589663 0.924105 0.382123 -0.003473 -0.462052 -0.797242 0.388475 0 0 0 0 0 0 
-3.179981 2.975537 -1.315079 0.435188 0.899994 0.024938 -0.294014 0.165464 -0.941370 0 0 0 0 0 0 
-2.800502 2.937549 -1.453385 0.839658 0.358536 -0.407954 0.835415 0.230532 -0.498936 0 0 0 0 0 0 
-2.461582 3.143568 -1.270149 0.702160 0.682909 0.201510 -0.254667 -0.954413 0.155691 0 0 0 0 0 0 
-2.180824 3.172984 -1.517412 0.562814 -0.250976 0.787561 0.374193 -0.401756 -0.835806 0 0 0 0 0 0 
-1.850586 3.182242 -1.261363 0.989454 -0.056108 0.133539 -0.146608 0.762013 0.630747 0 0 0 0 0 0 
-1.545145 3.436824 -1.280814 0.450345 0.822730 0.346852 -0.130210 0.446885 -0.885065 0 0 0 0 0 0 
-1.274275 3.095548 -1.308885 0.769024 -0.445906 -0.458006 -0.937203 0.286110 -0.199480 0 0 0 0 0 0 
-1.440567 3.054184 -1.695216 -0.940685 0.316502 0.122219 0.142770 -0.116908 0.982827 0 0 0 0 0 0 
-1.193840 3.234948 -1.917590 0.849241 0.526599 -0.038511 -0.077686 -0.029962 -0.996528 0 0 0 0 0 0 
-1.386096 3.550495 -2.109090 -0.296593 0.618635 -0.727546 -0.970682 0.003663 -0.240339 0 0 0 0 0 0 
-1.689309 3.484760 -1.866358 0.549618 0.603074 -0.578119 0.635484 0.672261 -0.379770 0 0 0 0 0 0 
-1.836412 3.859819 -1.928801 0.549157 0.565370 -0.615454 0.553357 0.549092 -0.626334 0 0 0 0 0 0 
-1.838832 3.746764 -2.333942 0.734976 -0.471804 -0.487043 0.933758 -0.321861 -0.156529 0 0 0 0 0 0 
-2.036318 3.402399 -2.265839 -0.559402 -0.828738 -0.016205 -0.484360 0.350393 -0.801636 0 0 0 0 0 0 
-2.315468 3.617615 -2.064824 0.945955 -0.035803 0.322316 -0.890733 -0.195647 -0.410264 0 0 0 0 0 0 
-2.366239 3.868324 -2.381426 0.494124 0.459048 -0.738320 -0.075494 0.994821 -0.068053 0 0 0 0 0 0 
-2.374847 3.559804 -2.668753 0.806228 0.272898 0.524904 -0.804164 -0.453079 -0.384759 0 0 0 0 0 0 
-2.653643 3.344537 -2.461534 0.083826 -0.768948 0.633791 0.966222 0.168554 0.194948 0 0 0 0 0 0 
-2.931387 3.672686 -2.489779 0.756921 -0.338703 0.558883 -0.825743 0.153480 -0.542763 0 0 0 0 0 0 
-3.135644 3.378666 -2.742080 0.895617 -0.185724 -0.404198 0.951098 -0.295767 -0.089076 0 0 0 0 0 0 
-3.188817 3.159506 -2.427032 -0.252627 0.242943 0.936567 -0.087411 -0.263215 -0.960769 0 0 0 0 0 0 
-3.343189 3.495645 -2.208733 0.833021 -0.344374 0.432992 -0.812708 0.139549 -0.565713 0 0 0 0 0 0 
-3.603829 3.524664 -2.543539 -0.624690 0.262169 0.735547 -0.617064 0.677453 -0.400361 0 0 0 0 0 0 
-3.740348 3.124731 -2.485145 0.969507 -0.095325 0.225763 -0.919521 0.392562 -0.019406 0 0 0 0 0 0 
-3.768822 3.181017 -2.077598 0.496180 -0.142689 0.856414 0.007052 0.994021 -0.108965 0 0 0 0 0 0 
-3.409359 3.164879 -1.912983 0.765945 -0.016476 0.642694 -0.831582 -0.173280 -0.527679 0 0 0 0 0 0 
-3.269041 3.405916 -1.585553 -0.085944 0.424282 0.901442 -0.002367 -0.473291 -0.880903 0 0 0 0 0 0 
-2.866368 3.453519 -1.642950 -0.236494 0.919711 -0.313371 -0.063935 0.996271 -0.057934 0 0 0 0 0 0 
-2.636423 3.603400 -1.332053 0.375554 0.052385 0.925319 -0.478306 -0.234878 -0.846201 0 0 0 0 0 0 
-2.249207 3.617374 -1.226305 0.987058 -0.057592 -0.149667 0.774155 0.403646 -0.487601 0 0 0 0 0 0 
-2.051802 3.401305 -0.927104 0.433487 0.155934 -0.887566 0.165710 0.573356 -0.802373 0 0 0 0 0 0 
-1.685588 3.401688 -0.752522 0.947691 -0.156782 -0.278029 0.931392 -0.031572 0.362645 0 0 0 0 0 0 
-1.671554 3.819151 -0.750747 0.328783 -0.835081 -0.441069 0.384732 -0.170244 -0.907192 0 0 0 0 0 0 
-1.355525 3.934529 -0.480754 -0.701962 -0.312410 0.640038 -0.573341 0.482859 -0.661912 0 0 0 0 0 0 
-1.300858 4.325814 -0.589208 0.925845 -0.318784 0.202947 -0.922935 0.157919 -0.351074 0 0 0 0 0 0 
-1.525445 4.649112 -0.658054 0.988575 0.069405 -0.133802 -0.039400 -0.549384 0.834641 0 0 0 0 0 0 
-1.344363 4.654780 -1.013776 0.281483 0.959220 0.025769 -0.917712 0.038932 0.395335 0 0 0 0 0 0 
-1.514720 4.253056 -1.139246 0.936738 -0.225150 0.268009 -0.996163 0.086956 0.009927 0 0 0 0 0 0 
-1.850574 4.391530 -0.992062 -0.406569 0.463606 -0.787255 -0.918569 -0.352482 0.178849 0 0 0 0 0 0 
-1.880851 4.695825 -1.235392 -0.580616 0.587880 -0.563279 -0.840921 -0.227215 0.491147 0 0 0 0 0 0 
-1.764680 4.443988 -1.545433 0.560410 0.806162 -0.189850 0.277587 -0.420706 -0.863685 0 0 0 0 0 0 
-2.048691 4.180665 -1.491718 0.389858 0.869804 0.302411 -0.836552 -0.256104 0.484346 0 0 0 0 0 0 
-2.354204 4.475959 -1.430841 0.166086 -0.681695 -0.712536 -0.535982 0.355256 -0.765843 0 0 0 0 0 0 
-2.247028 4.658057 -1.768909 0.963757 0.058754 -0.260230 -0.276329 -0.960960 0.014074 0 0 0 0 0 0 
-2.267239 4.298620 -1.973624 0.364169 -0.179273 -0.913916 0.230933 0.229242 -0.945578 0 0 0 0 0 0 
-2.633073 4.218264 -1.873862 0.009032 0.235939 0.971726 -0.489882 -0.540566 -0.683961 0 0 0 0 0 0 
-2.585427 4.015636 -1.530446 0.638678 0.618122 0.458274 -0.696326 -0.591002 -0.407243 0 0 0 0 0 0 
-2.945983 4.015063 -1.328950 0.057685 0.983416 -0.171944 0.364453 0.928937 0.065194 0 0 0 0 0 0 
-2.783445 3.924982 -0.963967 0.665117 -0.620674 0.415191 -0.594636 0.115513 -0.795654 0 0 0 0 0 0 
-2.418682 3.917278 -0.784499 0.958579 0.205228 0.197502 -0.939409 -0.296030 -0.172848 0 0 0 0 0 0 
-2.268348 3.617382 -0.540727 0.825086 -0.031575 -0.564124 0.903262 0.060560 -0.424794 0 0 0 0 0 0 
-1.918853 3.601292 -0.363491 0.804016 0.522233 -0.284308 0.739130 0.640409 -0.208720 0 0 0 0 0 0 
-1.741420 3.319631 -0.148460 0.969563 0.109906 0.218789 -0.887359 -0.385597 -0.252802 0 0 0 0 0 0 
-1.667528 3.583440 0.173180 -0.323805 -0.112820 -0.939373 -0.732753 0.555816 -0.392609 0 0 0 0 0 0 
-1.836756 3.941656 0.370943 0.597895 -0.455927 0.659282 -0.775971 0.118035 -0.619627 0 0 0 0 0 0 
-1.702192 4.272134 0.192453 0.982883 -0.118304 0.141224 -0.980571 0.119821 0.155316 0 0 0 0 0 0 
-1.830886 4.670858 0.356329 0.807530 -0.397761 -0.435524 0.963811 -0.266447 0.008570 0 0 0 0 0 0 
-1.697308 4.838733 0.022403 0.421445 0.119510 0.898945 -0.404386 -0.512972 -0.757187 0 0 0 0 0 0 
-1.894222 4.578435 -0.241654 0.972911 0.160985 -0.165914 0.192866 -0.831212 0.521430 0 0 0 0 0 0 
-2.216856 4.615420 -0.024282 0.819456 -0.493554 -0.291370 0.805646 0.559120 -0.195753 0 0 0 0 0 0 
-2.199296 5.025290 -0.029025 0.804782 0.015950 0.593356 -0.879226 -0.143424 -0.454303 0 0 0 0 0 0 
-2.134054 4.988443 -0.435128 0.385340 0.314353 0.867580 -0.449762 0.165357 -0.877708 0 0 0 0 0 0 
-2.448314 4.749214 -0.496020 0.308047 0.448388 -0.839080 0.210665 0.689039 -0.693431 0 0 0 0 0 0 
-2.671958 5.018370 -0.277712 -0.045301 -0.313906 -0.948373 -0.766208 0.421910 -0.484682 0 0 0 0 0 0 
-2.556663 5.314191 -0.520757 0.816590 0.577190 -0.005657 -0.270687 0.405766 -0.872973 0 0 0 0 0 0 
-2.679259 5.102143 -0.844215 -0.760358 0.386427 -0.522044 -0.523514 0.747075 -0.409650 0 0 0 0 0 0 
-3.022522 4.948101 -0.704378 0.388487 0.591158 -0.706831 -0.242725 -0.686108 -0.685814 0 0 0 0 0 0 
-2.860349 4.563995 -0.761283 0.448386 0.747852 -0.489558 0.148145 -0.596640 -0.788717 0 0 0 0 0 0 
-2.955769 4.244433 -0.578304 0.372111 0.389053 -0.842716 0.502799 0.414561 -0.758507 0 0 0 0 0 0 
-2.625692 4.126164 -0.345289 -0.682657 -0.137521 0.717682 -0.531284 0.481738 -0.696898 0 0 0 0 0 0 
-2.598529 3.780698 -0.164310 0.966474 -0.134038 -0.219003 0.908595 0.040374 -0.415722 0 0 0 0 0 0 
-2.261187 3.780439 0.055396 -0.814038 0.114640 0.569386 0.606463 0.318238 0.728647 0 0 0 0 0 0 
-2.099400 3.430952 0.185520 0.867146 -0.328051 0.374754 -0.898462 0.017425 -0.438706 0 0 0 0 0 0 
-2.055488 3.375787 0.590703 -0.087742 0.990999 0.101104 -0.396123 0.046982 -0.916995 0 0 0 0 0 0 
-1.928930 3.069743 0.804363 -0.920409 -0.007784 -0.390878 -0.371252 0.378763 -0.847768 0 0 0 0 0 0 
-1.939545 3.230753 1.204628 0.950867 -0.231477 -0.205599 0.400961 -0.903103 -0.153737 0 0 0 0 0 0 
-2.185218 3.472911 1.467922 0.805684 -0.414956 0.422712 -0.811664 0.583471 -0.027649 0 0 0 0 0 0 
-1.941175 3.791714 1.484007 0.654524 0.397732 0.642968 -0.633650 -0.390593 -0.667777 0 0 0 0 0 0 
-1.938443 3.778898 1.071987 0.650481 -0.237767 -0.721347 0.753519 -0.374633 -0.540239 0 0 0 0 0 0 
-2.357564 3.729454 1.064060 0.056080 0.352508 0.934127 -0.032609 -0.531932 -0.846159 0 0 0 0 0 0 
-2.411256 4.035293 1.319412 0.807361 -0.556181 0.197056 -0.753113 0.547615 0.364607 0 0 0 0 0 0 
-2.157675 4.302575 1.136373 -0.912591 0.407086 0.038185 -0.474299 0.778347 0.411358 0 0 0 0 0 0 
-2.367946 4.177379 0.778142 0.709070 -0.532891 -0.461787 0.876665 -0.194953 -0.439831 0 0 0 0 0 0 
-2.699656 4.268288 0.974684 -0.222184 -0.725763 0.651078 0.553638 -0.433615 -0.710959 0 0 0 0 0 0 
-2.591594 4.614526 1.119736 0.166727 0.878624 -0.447461 0.109900 0.926319 -0.360355 0 0 0 0 0 0 
-2.491946 4.696746 0.697784 0.808657 -0.000568 0.588281 -0.152616 0.894056 -0.421156 0 0 0 0 0 0 
-2.891092 4.607498 0.591053 0.875483 -0.391047 -0.283922 0.451909 0.643705 -0.617594 0 0 0 0 0 0 
-2.862024 4.202107 0.472355 0.105551 -0.025472 -0.994088 0.302154 0.212111 -0.929361 0 0 0 0 0 0 
-3.100344 3.905965 0.586248 0.119935 -0.272629 -0.954615 0.575169 -0.478612 -0.663408 0 0 0 0 0 0 
-3.078846 3.629920 0.250122 -0.937036 0.349233 -0.000627 0.282241 -0.291234 -0.914069 0 0 0 0 0 0 
-2.706868 3.473523 0.305107 0.725029 0.560791 0.399809 -0.967723 -0.230656 0.101544 0 0 0 0 0 0 
-2.495475 3.187752 0.107778 -0.433208 0.846724 0.308850 0.904491 0.254916 -0.341927 0 0 0 0 0 0 
-2.354369 2.934947 0.329189 0.510989 0.841247 -0.176621 0.515140 0.559256 -0.649511 0 0 0 0 0 0 
-2.021021 2.818044 0.216467 0.654763 0.661074 0.366423 -0.421203 -0.742325 -0.521097 0 0 0 0 0 0 
-1.849902 2.527064 0.206634 0.522893 0.189574 -0.831051 0.405779 0.348105 -0.845084 0 0 0 0 0 0 
-2.179391 2.358442 0.311323 -0.325512 0.864133 -0.383819 -0.108537 0.901507 -0.418933 0 0 0 0 0 0 
-2.045148 1.979532 0.312265 -0.251514 0.358923 -0.898841 -0.223054 0.361315 -0.905372 0 0 0 0 0 0 
-1.798020 2.109285 0.603882 -0.730588 -0.489577 -0.475979 -0.187823 0.307186 -0.932931 0 0 0 0 0 0 
-2.038873 2.277826 0.887470 0.305082 0.949603 0.071971 -0.239927 -0.314039 0.918594 0 0 0 0 0 0 
-2.363046 2.047497 0.745618 0.362698 0.120953 0.924024 -0.131307 0.981289 -0.140819 0 0 0 0 0 0 
-2.773870 2.072991 0.783140 0.580310 0.812868 -0.049868 -0.118942 0.013294 -0.992812 0 0 0 0 0 0 
-2.658382 2.106828 1.210879 0.132784 0.990448 -0.037166 0.262509 0.799864 0.539729 0 0 0 0 0 0 
-2.513989 2.481961 1.167168 0.769735 0.634175 0.073006 0.098790 -0.741120 0.664064 0 0 0 0 0 0 
-2.872691 2.605800 0.987866 0.813030 0.473736 -0.338461 -0.138868 -0.553719 -0.821042 0 0 0 0 0 0 
-3.065870 2.452667 1.294456 0.460560 0.760088 0.458422 -0.376379 -0.903571 -0.204688 0 0 0 0 0 0 
-2.850330 2.651450 1.580308 0.157663 -0.191366 -0.968773 0.315133 -0.129168 -0.940216 0 0 0 0 0 0 
-2.910334 3.020420 1.436743 -0.459065 0.761575 -0.457453 -0.471582 0.650529 -0.595333 0 0 0 0 0 0 
-3.296473 2.981136 1.468791 0.040986 0.388403 0.920578 -0.218961 -0.600043 -0.769418 0 0 0 0 0 0 
-3.308051 3.070356 1.865863 0.453194 0.843810 -0.287403 0.556348 0.830332 -0.032031 0 0 0 0 0 0 
-3.085354 3.423219 1.900689 0.688971 0.263653 0.675134 0.481496 -0.455034 -0.749069 0 0 0 0 0 0 
-3.147564 3.538792 1.505634 0.638504 0.457422 -0.618933 0.807707 0.387341 -0.444495 0 0 0 0 0 0 
-3.535791 3.444052 1.393017 0.579179 0.728232 0.366373 -0.782949 0.591476 -0.192734 0 0 0 0 0 0 
-3.516076 3.704128 1.118844 0.004477 0.591792 -0.806079 -0.121077 0.718467 -0.684942 0 0 0 0 0 0 
-3.215523 3.544837 0.898137 0.856242 -0.331187 0.396440 0.142205 -0.141064 -0.979734 0 0 0 0 0 0 
-3.273436 3.266374 0.571030 0.207376 -0.258389 -0.943520 0.337791 0.057025 -0.939492 0 0 0 0 0 0 
-2.972980 3.035372 0.400931 0.196712 0.894911 -0.400547 0.357291 0.902657 -0.239901 0 0 0 0 0 0 
-2.886125 2.900857 0.015139 0.441780 -0.464348 -0.767601 0.694303 -0.362780 -0.621558 0 0 0 0 0 0 
-2.589493 2.599043 0.097235 -0.407675 0.655927 0.635265 0.895857 -0.433796 -0.096236 0 0 0 0 0 0 
-2.340654 2.535581 -0.196122 0.726944 0.369778 -0.578633 0.570716 0.446265 -0.689297 0 0 0 0 0 0 
-2.009392 2.283028 -0.208725 0.696408 0.152661 0.701220 -0.851883 -0.213754 -0.478125 0 0 0 0 0 0 
-2.057703 1.873189 -0.262266 0.006039 0.852031 0.523456 -0.269307 -0.703927 -0.657237 0 0 0 0 0 0 
-2.447773 1.873640 -0.335207 -0.252861 0.108886 -0.961356 0.095198 0.247203 -0.964276 0 0 0 0 0 0 
-2.550195 1.522521 -0.558403 -0.512155 0.286712 -0.809625 0.225635 0.547562 -0.805769 0 0 0 0 0 0 
-2.878623 1.261026 -0.650678 -0.699400 0.379850 0.605436 0.623384 -0.735318 -0.265893 0 0 0 0 0 0 
-2.796523 1.068924 -0.321170 -0.317534 0.391379 0.863710 0.691025 -0.538433 -0.482258 0 0 0 0 0 0 
-2.786676 1.403386 -0.047986 -0.505696 0.647923 0.569621 0.261188 0.965285 -0.002243 0 0 0 0 0 0 
-3.044114 1.667706 -0.198304 -0.310922 0.939166 0.145924 0.595880 0.454825 0.661862 0 0 0 0 0 0 
-3.358847 1.557471 -0.013106 -0.242860 0.687925 -0.683943 -0.166257 0.500971 -0.849345 0 0 0 0 0 0 
-3.151464 1.585255 0.349935 0.093144 0.852031 0.515138 -0.426733 0.414215 -0.803944 0 0 0 0 0 0 
-3.097859 2.000427 0.314362 0.184342 0.911128 0.368596 -0.323832 -0.912753 -0.249028 0 0 0 0 0 0 
-3.482752 2.074994 0.219245 0.651584 -0.730858 0.203186 -0.068251 -0.148760 -0.986515 0 0 0 0 0 0 
-3.590884 1.869766 0.528520 0.643830 0.034753 -0.764379 0.599394 0.068669 -0.797503 0 0 0 0 0 0 
-3.356243 2.153844 0.774443 0.815513 -0.518632 0.256826 -0.819894 0.427637 -0.380658 0 0 0 0 0 0 
-3.560569 2.461146 0.634908 0.232426 -0.418958 0.877754 -0.438151 0.307586 -0.844639 0 0 0 0 0 0 
-3.321493 2.589825 0.346157 0.259917 -0.274777 -0.925711 0.459669 0.030065 -0.887581 0 0 0 0 0 0 
-3.484637 2.868594 0.083826 0.691328 0.404977 0.598380 0.629664 0.236508 -0.739991 0 0 0 0 0 0 
-3.298516 2.663689 -0.258678 0.314859 0.031624 -0.948612 0.292345 -0.231378 -0.927900 0 0 0 0 0 0 
-2.956543 2.474689 -0.347623 0.711965 0.323312 0.623358 -0.710358 -0.494861 -0.500503 0 0 0 0 0 0 
-2.654596 2.540087 -0.577524 0.520625 -0.652828 0.550241 0.980103 -0.014079 -0.197991 0 0 0 0 0 0 
-2.536706 2.213622 -0.791439 -0.110733 0.932511 0.343747 0.327504 -0.940831 0.087055 0 0 0 0 0 0 
-2.175046 2.195898 -0.960703 0.174500 0.956282 0.234678 0.012340 -0.945158 0.326379 0 0 0 0 0 0 
-1.977143 1.863196 -1.088497 0.133099 -0.295331 0.946078 -0.017030 -0.273614 -0.961689 0 0 0 0 0 0 
-2.267791 1.570165 -1.029115 -0.410741 0.584393 -0.699840 -0.354532 0.793830 -0.494106 0 0 0 0 0 0 
-2.479717 1.790246 -1.316255 0.312899 0.949783 0.002546 -0.998409 -0.042247 -0.037353 0 0 0 0 0 0 
-2.277651 1.953327 -1.577488 -0.303076 0.004932 -0.952954 0.277413 0.115268 -0.953811 0 0 0 0 0 0 
-1.965513 1.657990 -1.657347 0.789761 -0.077542 -0.608494 0.872191 0.125875 -0.472692 0 0 0 0 0 0 
-2.042300 1.426234 -2.012079 0.365569 -0.596926 -0.714170 0.787781 -0.466074 -0.402712 0 0 0 0 0 0 
-2.137516 1.403571 -2.398099 0.742568 0.083415 0.664556 -0.583062 -0.303763 -0.753503 0 0 0 0 0 0 
-2.461123 1.672386 -2.440727 0.407918 0.784998 -0.466242 0.388655 0.831597 -0.396729 0 0 0 0 0 0 
-2.736368 1.353785 -2.524186 0.221737 0.646164 0.730277 0.646273 -0.748004 -0.151068 0 0 0 0 0 0 
-2.582903 1.245753 -2.177684 -0.743080 0.220270 0.631912 0.587451 -0.695904 -0.413060 0 0 0 0 0 0 
-2.623274 1.602800 -1.974930 0.797849 0.278312 -0.534770 0.825783 0.415854 -0.380982 0 0 0 0 0 0 
-3.006106 1.627556 -2.130964 -0.507272 0.846110 -0.163621 -0.680559 0.461759 0.568874 0 0 0 0 0 0 
-3.087452 1.287850 -1.964023 0.434700 0.809427 -0.394795 0.443390 0.817277 -0.368054 0 0 0 0 0 0 
-2.893270 1.417361 -1.619634 0.557425 0.805438 -0.201365 0.606387 0.627111 -0.488903 0 0 0 0 0 0 
-3.101881 1.758361 -1.600201 -0.007967 0.511276 -0.859380 -0.609929 0.500841 -0.614122 0 0 0 0 0 0 
-3.447647 1.555318 -1.668959 0.064053 0.217710 -0.973909 0.115187 0.189432 -0.975114 0 0 0 0 0 0 
-3.328949 1.313075 -1.349243 -0.193871 0.089702 0.976917 -0.126646 -0.335389 -0.933528 0 0 0 0 0 0 
-3.258564 1.635921 -1.089342 0.866399 0.011333 -0.499224 0.858124 0.161494 -0.487383 0 0 0 0 0 0 
-3.620018 1.827700 -1.181589 0.106266 -0.721018 0.684719 0.936882 -0.346732 -0.045051 0 0 0 0 0 0 
-3.808022 1.473902 -1.134365 -0.210426 0.577194 0.789030 0.194387 -0.705124 -0.681919 0 0 0 0 0 0 
-3.580631 1.387104 -0.788734 0.062837 0.622971 -0.779717 0.261161 0.670899 -0.694039 0 0 0 0 0 0 
-3.699014 1.774512 -0.623297 0.804592 0.583849 0.108407 -0.619853 -0.641518 0.451926 0 0 0 0 0 0 
-4.042442 1.700122 -0.749066 0.731858 -0.224762 0.643324 -0.730994 0.426313 -0.532827 0 0 0 0 0 0 
-4.023112 1.363788 -0.578397 0.110108 -0.984685 -0.135172 0.577112 -0.328221 -0.747805 0 0 0 0 0 0 
-3.907158 1.474055 -0.176291 0.685597 0.708406 -0.167684 -0.360892 0.137305 -0.922445 0 0 0 0 0 0 
1.354211 2.971456 -0.147872 0.145783 0.007756 0.989286 -0.469753 -0.181909 -0.863852 0 0 0 0 0 0 
1.135627 2.799924 0.165122 -0.757587 0.630967 0.167162 0.065248 -0.982819 -0.172656 0 0 0 0 0 0 
0.841820 2.693712 -0.136360 -0.756639 0.277576 0.591987 0.644816 -0.610048 -0.460492 0 0 0 0 0 0 
1.082420 2.484524 -0.340969 -0.134942 0.896718 -0.421530 -0.234090 0.916674 -0.323898 0 0 0 0 0 0 
1.210016 2.309081 0.027105 0.705162 0.706408 -0.061112 -0.133274 0.020480 -0.990868 0 0 0 0 0 0 
0.842535 2.213654 0.105739 0.836333 -0.416933 0.355969 0.930045 0.194583 -0.311695 0 0 0 0 0 0 
0.784970 2.009328 -0.254288 0.924648 0.021243 0.380230 -0.918446 -0.042092 -0.393301 0 0 0 0 0 0 
1.116971 1.793006 -0.238321 0.228665 0.866332 0.444051 -0.171821 -0.942563 -0.286447 0 0 0 0 0 0 
1.103630 1.695654 0.171795 0.889866 0.456072 0.011679 -0.370307 -0.647659 -0.665891 0 0 0 0 0 0 
0.692281 1.702096 0.210312 -0.846230 0.221306 -0.484684 -0.423904 0.467856 -0.775510 0 0 0 0 0 0 
0.709796 1.663851 0.615408 0.499011 0.677793 0.539986 -0.659044 -0.692499 -0.293440 0 0 0 0 0 0 
0.790967 1.958770 0.942261 0.161875 0.727907 -0.666294 0.421667 0.663400 -0.618141 0 0 0 0 0 0 
0.845020 1.832253 1.311293 0.334029 0.924642 -0.182927 0.137843 0.975374 -0.172175 0 0 0 0 0 0 
0.637308 2.103771 1.573639 0.808501 0.563684 -0.169075 0.892182 -0.429522 -0.139721 0 0 0 0 0 0 
0.839148 2.099770 1.956474 -0.303660 0.431945 -0.849243 -0.108259 0.172823 -0.978985 0 0 0 0 0 0 
0.655580 2.187389 2.285140 0.642319 0.134745 0.754500 -0.618617 -0.258760 -0.741860 0 0 0 0 0 0 
0.866670 2.070178 2.626241 0.369680 0.787257 0.493521 -0.442006 -0.874703 -0.198810 0 0 0 0 0 0 
0.878323 2.199900 3.021511 -0.332688 0.928364 -0.165708 -0.383456 0.789475 0.479260 0 0 0 0 0 0 
1.290627 2.286866 3.043617 0.883045 0.089989 -0.460580 0.510317 -0.723256 -0.465271 0 0 0 0 0 0 
1.599497 2.395746 2.821517 -0.172170 -0.242209 -0.954826 0.156476 0.044023 -0.986700 0 0 0 0 0 0 
1.729954 2.023505 2.822084 0.157962 0.707222 0.689119 -0.093301 -0.714800 -0.693077 0 0 0 0 0 0 
1.416326 1.813027 2.713537 -0.409020 0.344643 -0.844940 -0.765422 0.565099 -0.307885 0 0 0 0 0 0 
1.373920 2.043553 2.384928 0.670715 0.212999 -0.710474 0.777910 0.184740 -0.600606 0 0 0 0 0 0 
1.768497 1.960976 2.314563 0.440568 0.242430 -0.864365 0.492902 0.410908 -0.766944 0 0 0 0 0 0 
1.719336 1.553495 2.339198 0.537105 0.838805 -0.089019 0.999275 0.029831 -0.023663 0 0 0 0 0 0 
1.388774 1.548343 2.092177 -0.002273 0.994061 0.108798 -0.006010 -0.994366 0.105828 0 0 0 0 0 0 
1.535436 1.761793 1.804090 0.729537 -0.647110 -0.221416 0.793940 -0.573451 -0.202025 0 0 0 0 0 0 
1.860336 1.520814 1.776619 0.641612 0.641259 -0.420857 0.313021 0.786059 -0.533037 0 0 0 0 0 0 
1.626053 1.157579 1.747382 0.519546 0.498976 -0.693610 -0.509411 0.839370 -0.189627 0 0 0 0 0 0 
1.400852 1.305071 1.447039 0.703192 -0.412925 -0.578804 0.624845 -0.108744 -0.773138 0 0 0 0 0 0 
1.710693 1.413364 1.240744 0.671006 0.217234 -0.708915 0.714005 0.163138 -0.680869 0 0 0 0 0 0 
1.917234 1.044297 1.258119 0.202868 -0.028615 0.978788 -0.260287 -0.243113 -0.934423 0 0 0 0 0 0 
1.570823 0.868818 1.107179 0.744788 0.638815 0.192890 -0.587096 0.754819 -0.292519 0 0 0 0 0 0 
1.580091 1.109887 0.778299 0.702130 0.659921 -0.267428 0.616529 0.786836 -0.027952 0 0 0 0 0 0 
1.332975 1.441653 0.872515 -0.477880 -0.518160 -0.709324 0.429723 -0.862718 0.266564 0 0 0 0 0 0 
1.545583 1.767228 0.800573 0.165242 -0.086747 0.982431 -0.603850 0.294643 -0.740642 0 0 0 0 0 0 
1.248320 2.084475 0.878288 -0.618586 0.601237 -0.505831 -0.774661 0.632310 -0.009190 0 0 0 0 0 0 
1.261594 2.154554 1.275201 0.515276 0.855228 0.055464 -0.409450 0.300954 -0.861265 0 0 0 0 0 0 
1.023185 2.452152 1.460238 0.383929 -0.268667 -0.883412 0.675528 -0.243250 -0.696054 0 0 0 0 0 0 
1.105055 2.566321 1.869396 0.820787 -0.063506 -0.567693 0.626584 -0.557297 -0.544805 0 0 0 0 0 0 
0.774689 2.717127 2.035425 0.774164 -0.230652 -0.589466 0.919698 -0.202623 -0.336304 0 0 0 0 0 0 
0.787683 3.041020 2.317763 -0.426143 0.455059 0.781872 0.078485 -0.813203 -0.576664 0 0 0 0 0 0 
0.580766 2.839588 2.580104 -0.333022 0.126751 0.934361 -0.088267 -0.616485 -0.782404 0 0 0 0 0 0 
0.951492 2.638649 2.605516 -0.885946 -0.338122 0.317448 -0.167434 0.544689 0.821754 0 0 0 0 0 0 
1.141572 2.863847 2.970378 -0.926487 -0.173380 -0.334007 -0.589737 0.669459 -0.451703 0 0 0 0 0 0 
1.459257 3.101899 2.836899 -0.932339 0.187401 -0.309232 -0.053739 0.058586 -0.996835 0 0 0 0 0 0 
1.326947 2.955766 2.438652 0.699839 0.377403 0.606459 -0.632447 -0.544222 -0.551211 0 0 0 0 0 0 
1.587881 3.218283 2.313329 0.486786 0.560248 -0.670195 0.483993 0.551916 -0.679073 0 0 0 0 0 0 
1.898168 3.037553 2.536647 -0.341400 -0.267426 -0.901071 0.480583 -0.409158 -0.775648 0 0 0 0 0 0 
1.763978 2.694672 2.325259 -0.065104 0.987801 0.141456 0.734673 0.557444 -0.386669 0 0 0 0 0 0 
1.794314 2.835134 1.955701 0.597974 0.800356 -0.043105 -0.195820 0.086127 -0.976851 0 0 0 0 0 0 
2.136346 2.984199 2.031600 0.688628 -0.525192 -0.499965 0.749528 -0.647975 0.135410 0 0 0 0 0 0 
2.274019 2.659440 2.176203 0.329438 0.670215 -0.665042 0.286945 0.770273 -0.569511 0 0 0 0 0 0 
2.163513 2.422289 1.855359 0.842062 -0.134349 -0.522381 0.980687 -0.131836 -0.144475 0 0 0 0 0 0 
2.360395 2.622516 1.602261 0.775162 -0.199182 -0.599542 0.624151 -0.249545 -0.740380 0 0 0 0 0 0 
2.616164 2.314313 1.539445 -0.468778 0.641765 0.606948 0.325155 -0.851598 -0.411162 0 0 0 0 0 0 
2.316156 2.108916 1.321496 0.285847 -0.320945 -0.902932 0.842162 -0.101968 -0.529496 0 0 0 0 0 0 
2.294806 2.366380 1.049298 0.996279 -0.053480 -0.067583 0.210923 0.555010 0.804659 0 0 0 0 0 0 
2.685720 2.214299 0.914588 -0.086989 0.685529 -0.722830 -0.040643 0.871467 -0.488767 0 0 0 0 0 0 
2.470128 1.881215 0.859892 -0.923049 0.158254 0.350622 0.747602 -0.493802 0.444130 0 0 0 0 0 0 
2.161656 2.048716 0.609089 -0.580295 0.349754 -0.735479 -0.490612 0.664757 -0.563381 0 0 0 0 0 0 
1.917957 2.084969 0.924456 -0.377580 0.925873 0.013908 -0.279833 0.959602 -0.029272 0 0 0 0 0 0 
1.672835 2.414446 0.882826 -0.833317 0.272433 -0.481001 -0.156358 0.339526 -0.927510 0 0 0 0 0 0 
1.571618 2.559469 1.261388 0.793288 -0.465588 -0.392329 0.913445 -0.386505 0.127407 0 0 0 0 0 0 
1.261751 2.837673 1.314805 -0.948422 0.036211 0.314935 0.709989 -0.425374 0.561225 0 0 0 0 0 0 
1.056507 2.985416 1.618767 -0.895557 -0.405616 -0.182901 -0.629056 0.547015 -0.552326 0 0 0 0 0 0 
0.671974 2.903802 1.663780 -0.253518 0.775719 0.577917 0.542522 -0.608747 -0.578875 0 0 0 0 0 0 
0.370398 3.049420 1.921895 -0.129159 0.856554 0.499633 0.227974 -0.868243 -0.440661 0 0 0 0 0 0 
0.531087 3.446365 1.869181 0.348149 -0.585616 -0.732016 0.536871 -0.239775 -0.808874 0 0 0 0 0 0 
0.232937 3.680595 2.024142 0.777053 -0.281346 0.563057 -0.751547 0.296637 -0.589223 0 0 0 0 0 0 
0.404242 4.062100 2.079833 0.400391 0.421090 0.813861 -0.194540 -0.675547 -0.711190 0 0 0 0 0 0 
0.699080 4.263049 1.886772 0.526804 0.723707 0.445787 -0.277414 -0.779687 -0.561364 0 0 0 0 0 0 
0.903202 4.281369 2.222085 -0.845476 0.505312 -0.172715 -0.112141 0.141137 -0.983618 0 0 0 0 0 0 
0.931288 3.874414 2.183011 0.804203 0.481529 0.348407 -0.695105 -0.676403 -0.243531 0 0 0 0 0 0 
0.989037 3.864147 1.776846 0.572754 0.738873 -0.354992 0.793364 0.267117 -0.547011 0 0 0 0 0 0 
1.309996 4.134698 1.833027 0.765944 0.637357 0.084298 -0.214107 -0.943027 0.254672 0 0 0 0 0 0 
1.468203 3.874829 2.111395 0.605990 0.781197 -0.150025 0.482616 -0.546656 -0.684287 0 0 0 0 0 0 
1.410507 3.551046 1.842928 0.306265 -0.387783 -0.869382 0.328273 -0.237650 -0.914199 0 0 0 0 0 0 
1.559395 3.691505 1.549381 0.787696 -0.448628 -0.422218 0.969908 -0.215142 -0.113981 0 0 0 0 0 0 
1.853207 3.835226 1.810320 -0.891092 -0.150976 0.427973 0.734680 -0.658653 -0.162546 0 0 0 0 0 0 
1.959421 3.465980 1.890513 0.721921 -0.190175 0.665330 -0.834040 0.031593 -0.550799 0 0 0 0 0 0 
1.975126 3.304137 1.516091 -0.059297 -0.148722 -0.987100 0.074471 0.227632 -0.970895 0 0 0 0 0 0 
1.580667 3.178075 1.389848 0.864131 -0.310584 -0.395999 0.412672 -0.903582 -0.115072 0 0 0 0 0 0 
1.547763 3.118074 0.989186 0.860311 0.052625 -0.507045 0.690794 0.550511 -0.468766 0 0 0 0 0 0 
1.161109 3.114133 0.957770 0.037722 0.930367 -0.364685 0.313624 0.923433 -0.221160 0 0 0 0 0 0 
0.844461 3.265790 1.229679 -0.356548 -0.933439 -0.039568 0.812461 -0.582230 -0.030260 0 0 0 0 0 0 
0.500749 3.084144 1.244862 0.854836 0.046508 -0.516811 0.136678 -0.058135 -0.988908 0 0 0 0 0 0 
0.190706 3.227695 1.475565 -0.113579 0.228793 -0.966826 0.030903 0.183405 -0.982552 0 0 0 0 0 0 
-0.173704 3.025392 1.546390 -0.008309 0.939777 0.341687 0.576904 -0.720424 -0.384929 0 0 0 0 0 0 
-0.373603 3.362492 1.433002 -0.377260 0.554465 0.741784 0.296870 -0.788905 -0.538050 0 0 0 0 0 0 
-0.321167 3.659226 1.175727 0.786164 -0.425765 -0.447962 0.957560 -0.271042 -0.098052 0 0 0 0 0 0 
-0.128230 3.987972 1.355267 -0.445455 0.831042 0.333074 0.210986 -0.668443 -0.713210 0 0 0 0 0 0 
-0.082770 4.288043 1.119829 -0.936995 0.095037 -0.336168 0.227832 -0.855727 -0.464569 0 0 0 0 0 0 
0.202637 4.478301 1.387403 -0.479907 0.870625 -0.108173 -0.445374 -0.216146 0.868863 0 0 0 0 0 0 
0.411802 4.127155 1.343489 -0.089133 0.533962 -0.840797 -0.061667 0.709457 -0.702045 0 0 0 0 0 0 
0.347262 4.096707 0.939684 -0.423399 0.860507 -0.283302 -0.206919 0.951169 -0.229046 0 0 0 0 0 0 
0.483719 4.479794 0.916544 0.461321 0.715532 0.524592 -0.507094 -0.673622 -0.537670 0 0 0 0 0 0 
0.796289 4.431878 1.157731 0.300448 0.748573 0.591075 -0.290054 -0.873954 -0.389965 0 0 0 0 0 0 
0.908045 4.067625 0.947639 0.901857 0.426126 0.071210 -0.378109 -0.593793 0.710242 0 0 0 0 0 0 
0.844292 4.254098 0.613434 0.842567 -0.003514 -0.538580 0.906029 0.149226 -0.396035 0 0 0 0 0 0 
1.120413 4.546693 0.720456 0.245671 0.683786 0.687083 0.187006 -0.560939 -0.806459 0 0 0 0 0 0 
1.376120 4.291463 0.895288 0.996936 -0.004122 0.078112 -0.825672 -0.422790 -0.373515 0 0 0 0 0 0 
1.325396 4.023275 0.540616 0.969613 -0.238148 0.056005 -0.133052 0.979611 0.150531 0 0 0 0 0 0 
1.239047 3.693337 0.727695 0.232599 0.245625 0.941045 -0.127682 -0.333276 -0.934144 0 0 0 0 0 0 
0.976663 3.416063 0.580574 0.387818 -0.916721 -0.096018 -0.856111 0.394908 -0.333348 0 0 0 0 0 0 
0.623276 3.470406 0.819530 0.644132 -0.153008 -0.749455 0.702515 0.084750 -0.706605 0 0 0 0 0 0 
0.338424 3.176923 0.768427 -0.951247 0.279989 0.129363 -0.244908 0.969532 -0.005211 0 0 0 0 0 0 
0.001179 3.328787 0.973423 -0.104158 -0.093265 -0.990178 0.004776 0.261347 -0.965233 0 0 0 0 0 0 
-0.285121 3.071538 1.062468 0.999172 0.011329 -0.039073 -0.396065 0.061819 0.916139 0 0 0 0 0 0 
-0.663700 3.095382 0.909038 0.800228 0.308496 -0.514261 0.968233 0.199237 -0.151096 0 0 0 0 0 0 
-1.003080 2.872214 0.951776 0.598764 -0.521606 -0.607790 0.708571 -0.649945 -0.274768 0 0 0 0 0 0 
-1.277052 3.071036 0.716513 0.381671 -0.207196 0.900776 0.775580 0.597384 -0.203978 0 0 0 0 0 0 
-1.291226 3.204791 0.353007 -0.202732 0.752944 -0.626079 -0.064352 0.799155 -0.597671 0 0 0 0 0 0 
-1.332488 3.582735 0.490893 0.424521 -0.765021 -0.484278 -0.708806 0.443008 -0.548942 0 0 0 0 0 0 
-0.981881 3.566048 0.729511 0.116654 0.974510 0.191629 0.304638 -0.430007 0.849876 0 0 0 0 0 0 
-0.819218 3.375724 0.383367 0.644853 0.764164 0.014796 -0.148610 0.134252 -0.979740 0 0 0 0 0 0 
-0.916363 3.675578 0.139796 0.845911 0.409540 0.341632 -0.806338 -0.565137 -0.174470 0 0 0 0 0 0 
-0.752575 3.951085 0.450785 0.688156 -0.335640 -0.643263 -0.989603 0.054976 -0.132903 0 0 0 0 0 0 
-0.416187 3.749010 0.447350 0.008294 0.872316 -0.488873 -0.555457 0.796478 -0.238938 0 0 0 0 0 0 
-0.411743 3.740531 0.043733 -0.520337 0.741184 0.424142 0.981302 0.038778 0.188526 0 0 0 0 0 0 
-0.463227 4.138348 0.048443 -0.470694 -0.719774 0.510267 -0.735986 0.635594 -0.233121 0 0 0 0 0 0 
-0.112012 4.170848 0.300033 -0.750324 0.655880 -0.082673 0.080081 -0.929668 -0.359590 0 0 0 0 0 0 
0.081154 3.956076 0.016469 -0.709731 0.213031 -0.671491 -0.599996 0.681471 -0.419050 0 0 0 0 0 0 
0.031401 3.562916 0.142000 0.453849 -0.887353 0.081403 -0.030444 0.373555 0.927108 0 0 0 0 0 0 
-0.064872 3.210995 -0.112159 0.491526 -0.131923 -0.860813 0.450220 -0.148765 -0.880438 0 0 0 0 0 0 
0.122195 2.946630 0.113243 0.882307 0.357101 0.306616 -0.761931 -0.510069 -0.399112 0 0 0 0 0 0 
-0.123294 2.923243 0.461638 0.501515 0.262562 -0.824344 0.494229 0.322161 -0.807434 0 0 0 0 0 0 
-0.111399 2.706943 0.783708 0.916076 0.400548 0.019102 -0.027766 -0.037211 -0.998922 0 0 0 0 0 0 
-0.467688 2.539130 0.820657 0.096688 0.653789 -0.750474 0.185187 0.819583 -0.542208 0 0 0 0 0 0 
-0.539492 2.530254 1.208737 0.745031 -0.507688 -0.432645 0.601285 -0.057283 -0.796978 0 0 0 0 0 0 
-0.708505 2.303119 1.398611 -0.407172 0.634912 -0.656580 -0.912306 -0.378947 0.155229 0 0 0 0 0 0 
-0.697547 2.014970 1.070267 -0.256387 0.844578 -0.470057 -0.090581 0.888460 -0.449927 0 0 0 0 0 0 
-0.899956 1.744222 1.274508 0.771943 0.565499 -0.290368 -0.409133 0.111840 -0.905595 0 0 0 0 0 0 
-1.198963 2.003589 1.282240 0.830440 0.138823 0.539534 -0.669454 -0.587481 -0.454639 0 0 0 0 0 0 
-1.226444 2.110785 0.902393 0.143389 0.988035 -0.056793 0.733095 0.618789 -0.282263 0 0 0 0 0 0 
-1.070275 1.782567 0.700306 0.834941 0.444643 -0.324293 0.836117 -0.546675 -0.045328 0 0 0 0 0 0 
-0.959114 1.656750 0.321526 0.749652 -0.530654 0.395511 -0.621334 0.460622 -0.633855 0 0 0 0 0 0 
-1.334931 1.764444 0.191253 0.493450 0.862201 -0.114526 0.541265 0.585624 0.603388 0 0 0 0 0 0 
-1.248102 2.169973 0.307728 0.740131 -0.273055 0.614530 -0.890659 0.116030 -0.439617 0 0 0 0 0 0 
-0.903170 2.126938 0.047394 0.584681 -0.374002 -0.719910 0.836391 0.208611 -0.506884 0 0 0 0 0 0 
-1.131094 1.929602 -0.259719 0.108970 -0.917766 -0.381879 0.519398 -0.615299 0.592986 0 0 0 0 0 0 
-1.405142 2.210341 -0.214823 0.727245 0.128536 -0.674235 0.826773 0.257814 -0.499978 0 0 0 0 0 0 
-1.134773 2.513272 -0.225925 0.752770 -0.632071 -0.183912 0.783489 -0.225130 0.579190 0 0 0 0 0 0 
-1.004007 2.338992 -0.563771 0.610951 0.754198 0.240675 0.373685 -0.059969 -0.925615 0 0 0 0 0 0 
-1.311820 2.494752 -0.786315 -0.306426 0.905029 -0.295002 -0.208667 0.878714 -0.429324 0 0 0 0 0 0 
-1.309812 2.908595 -0.667295 -0.881718 0.033078 -0.470615 -0.621909 0.465848 -0.629456 0 0 0 0 0 0 
-0.909162 2.935155 -0.544039 0.581060 0.326069 -0.745686 0.649602 0.410817 -0.639724 0 0 0 0 0 0 
-0.718903 2.645939 -0.822566 0.910218 0.020827 0.413606 -0.902986 0.061971 -0.425178 0 0 0 0 0 0 
-0.392955 2.876271 -0.717313 0.184718 0.803963 0.565263 -0.242798 -0.744130 -0.622350 0 0 0 0 0 0 
-0.354206 2.844449 -0.325880 0.999740 0.008240 -0.021246 0.050118 0.957494 0.284067 0 0 0 0 0 0 
-0.166642 2.577204 -0.141991 -0.631480 0.701004 -0.331401 -0.705851 -0.620292 0.342072 0 0 0 0 0 0 
-0.221823 2.443361 0.209127 0.790011 0.358190 -0.497576 0.509336 0.789640 -0.342120 0 0 0 0 0 0 
0.003376 2.308134 0.507645 0.583223 -0.265207 -0.767800 0.612435 -0.337239 -0.714978 0 0 0 0 0 0 
-0.247179 2.136418 0.749805 0.523095 -0.826604 -0.207599 0.471313 -0.342700 -0.812663 0 0 0 0 0 0 
-0.147486 2.116047 1.146151 0.942255 0.267742 0.201170 -0.849442 -0.374703 -0.371547 0 0 0 0 0 0 
-0.356411 1.940288 1.429135 0.796176 0.025368 0.604533 -0.979961 0.056458 0.191019 0 0 0 0 0 0 
-0.396166 1.543106 1.444566 0.887321 0.347736 0.302887 -0.955756 -0.100986 -0.276285 0 0 0 0 0 0 
-0.211415 1.391033 1.092233 -0.265162 0.854833 -0.446037 0.410292 -0.730662 -0.545704 0 0 0 0 0 0 
-0.087889 1.022082 1.159335 0.561265 0.812843 -0.155784 -0.245284 -0.024020 -0.969154 0 0 0 0 0 0 
0.028041 0.677688 0.942321 0.497311 -0.825821 0.265897 -0.459119 -0.166867 -0.872562 0 0 0 0 0 0 
-0.340666 0.549834 0.849821 0.917873 0.175773 -0.355828 -0.263993 0.558089 -0.786667 0 0 0 0 0 0 
-0.466314 0.886542 0.692225 0.860598 -0.442354 0.252377 -0.952023 0.238428 -0.191846 0 0 0 0 0 0 
-0.142308 1.031967 0.554105 -0.297403 0.889461 -0.347004 -0.531167 -0.489432 -0.691606 0 0 0 0 0 0 
-0.200551 0.870704 0.153638 -0.384795 0.488113 -0.783376 -0.545675 0.761128 -0.350604 0 0 0 0 0 0 
-0.567224 1.005306 0.168334 -0.527535 -0.355979 0.771353 0.792352 0.195131 0.578015 0 0 0 0 0 0 
-0.453053 1.408004 0.236328 0.864511 0.482736 0.139955 -0.539430 -0.617045 -0.572949 0 0 0 0 0 0 
-0.194934 1.356044 -0.079742 0.444684 0.489748 -0.749936 0.472869 0.288747 -0.832478 0 0 0 0 0 0 
-0.481585 1.163455 -0.322400 -0.789690 0.440721 -0.426795 0.280823 -0.810462 -0.514091 0 0 0 0 0 0 
-0.702324 1.499963 -0.223460 0.542735 -0.735357 -0.405819 0.830252 -0.345773 -0.437176 0 0 0 0 0 0 
-0.419520 1.745460 -0.355774 0.898843 -0.431414 -0.077224 0.985316 0.162548 0.052253 0 0 0 0 0 0 
-0.210288 1.907610 -0.023868 0.385724 0.786325 -0.482608 0.441199 0.595380 -0.671465 0 0 0 0 0 0 
0.166120 2.045750 -0.088462 0.029401 0.931976 -0.361327 0.244374 0.923877 -0.294504 0 0 0 0 0 0 
0.336416 1.912822 0.264050 0.346783 0.928612 0.131990 -0.040642 0.168719 -0.984826 0 0 0 0 0 0 
0.204733 1.794819 0.643461 0.436451 -0.845790 0.306840 -0.435271 0.025782 -0.899930 0 0 0 0 0 0 
0.305835 1.979170 1.019492 -0.539968 -0.619561 0.569718 -0.668686 0.586161 -0.457464 0 0 0 0 0 0 
0.304954 1.673850 1.268863 0.543653 0.146942 -0.826347 -0.742307 -0.391626 -0.543699 0 0 0 0 0 0 
0.343202 1.707710 1.668915 0.649741 0.552765 -0.521812 0.612378 0.789079 0.048451 0 0 0 0 0 0 
0.244032 1.439828 1.940867 -0.396757 0.870325 0.291752 0.496826 -0.330371 0.802508 0 0 0 0 0 0 
0.198204 1.095787 1.638151 0.253541 -0.249711 0.934538 -0.516300 0.063234 -0.854070 0 0 0 0 0 0 
0.579459 1.175584 1.575682 0.144797 0.836156 0.529034 -0.201379 -0.914473 -0.350977 0 0 0 0 0 0 
0.745631 1.363071 1.910702 0.359026 0.822015 -0.442031 0.465349 0.858582 -0.215146 0 0 0 0 0 0 
0.608060 1.163070 2.233423 0.300640 -0.942329 0.147079 0.361384 -0.253688 -0.897242 0 0 0 0 0 0 
0.813054 0.857699 2.372811 0.139394 0.943603 0.300305 0.068843 -0.981692 -0.177600 0 0 0 0 0 0 
1.187223 0.749880 2.460502 -0.223489 0.900958 0.371923 0.324394 -0.918534 -0.225974 0 0 0 0 0 0 
1.486349 0.877506 2.204884 0.123791 -0.986442 -0.107744 -0.464216 0.306850 -0.830871 0 0 0 0 0 0 
1.474513 0.524242 2.013597 -0.690655 0.251187 0.678160 0.391479 -0.663034 -0.638067 0 0 0 0 0 0 
1.080262 0.489031 1.945279 -0.080249 0.272532 -0.958794 -0.085488 0.404256 -0.910642 0 0 0 0 0 0 
1.103167 0.853089 1.803754 0.203289 -0.887629 -0.413265 -0.913038 0.378995 0.150743 0 0 0 0 0 0 
1.392970 0.750602 1.548541 0.739929 0.103409 0.664689 0.025966 -0.133962 -0.990646 0 0 0 0 0 0 
1.172565 0.406813 1.378431 0.643397 -0.228098 -0.730761 0.791953 -0.028635 -0.609911 0 0 0 0 0 0 
0.848034 0.617221 1.366495 0.137049 0.628229 -0.765863 0.350336 0.588856 -0.728363 0 0 0 0 0 0 
1.047999 0.915383 1.143242 0.904310 -0.394836 -0.162260 -0.975908 -0.011597 -0.217874 0 0 0 0 0 0 
1.162011 0.601204 0.890558 0.507361 0.247801 0.825336 0.285621 -0.372045 -0.883178 0 0 0 0 0 0 
0.793061 0.448857 0.832164 0.945129 0.089421 0.314223 -0.955446 -0.242986 -0.167572 0 0 0 0 0 0 
0.655381 0.822926 0.758997 0.695338 0.085873 0.713534 -0.732466 0.010434 -0.680724 0 0 0 0 0 0 
0.933899 0.864288 0.474790 0.016131 0.047285 -0.998751 -0.545832 0.460556 -0.699968 0 0 0 0 0 0 
0.876731 0.497776 0.272065 0.244502 0.239163 -0.939691 0.208043 0.279076 -0.937462 0 0 0 0 0 0 
0.470518 0.526968 0.251409 0.810567 0.471557 -0.347296 0.791509 -0.123693 -0.598509 0 0 0 0 0 0 
0.504117 0.906094 0.134191 0.273922 0.932966 -0.233541 0.436265 0.888680 0.141140 0 0 0 0 0 0 
0.746119 0.771310 -0.158117 -0.006384 0.771552 0.636134 -0.136816 -0.953993 -0.266794 0 0 0 0 0 0 
0.466519 0.435721 -0.266835 -0.153141 0.845874 0.510927 0.446400 -0.849020 -0.282653 0 0 0 0 0 0 
0.162515 0.680296 -0.327364 -0.372355 0.193326 -0.907732 -0.271775 0.455258 -0.847867 0 0 0 0 0 0 
-1.748086 3.789937 3.981244 -0.268246 0.960880 -0.068938 0.167582 0.973596 0.155005 0 0 0 0 0 0 
-1.405094 3.572405 3.906405 -0.687297 0.368107 -0.626195 0.359450 -0.669985 -0.649550 0 0 0 0 0 0 
-1.419922 3.407211 4.253360 -0.042768 0.728024 0.684217 -0.006793 -0.939519 -0.342429 0 0 0 0 0 0 
-1.842595 3.352623 4.251028 -0.464770 0.579681 0.669297 0.514565 -0.636402 -0.574644 0 0 0 0 0 0 
-1.809606 3.154955 3.834948 0.280612 -0.189420 0.940945 -0.275277 -0.098070 -0.956350 0 0 0 0 0 0 
-1.543821 2.910167 4.020106 -0.547073 0.670741 -0.500817 -0.161687 0.791315 -0.589642 0 0 0 0 0 0 
-1.764291 2.850095 4.375416 0.203414 0.833854 -0.513138 0.339644 0.870476 -0.356250 0 0 0 0 0 0 
-2.115560 2.765880 4.122056 -0.459582 -0.609582 -0.645905 0.565438 -0.820855 0.080476 0 0 0 0 0 0 
-1.995169 2.586088 3.779048 -0.724280 -0.186356 0.663845 0.740336 -0.577344 -0.344350 0 0 0 0 0 0 
-2.336147 2.642418 3.595793 0.610727 0.790966 -0.037220 -0.105780 0.020527 -0.994178 0 0 0 0 0 0 
-2.541770 2.962287 3.455402 0.216684 0.050189 0.974951 -0.386464 -0.150988 -0.909861 0 0 0 0 0 0 
-2.925770 2.888406 3.281412 0.106903 0.993159 -0.046988 -0.440142 0.176354 0.880440 0 0 0 0 0 0 
-2.976831 3.065823 2.947176 0.079557 0.393580 -0.915841 0.019476 0.481284 -0.876348 0 0 0 0 0 0 
-3.345295 3.189209 2.973129 0.756095 -0.380031 -0.532820 0.761005 -0.601539 -0.242945 0 0 0 0 0 0 
-3.571204 3.215301 2.630381 0.983865 -0.071314 -0.164086 0.969746 0.001855 -0.244108 0 0 0 0 0 0 
-3.977802 3.242034 2.659000 -0.244166 0.304271 -0.920762 -0.021147 0.509219 -0.860377 0 0 0 0 0 0 
-4.284816 3.399007 2.444940 0.183844 0.979364 0.083954 0.239955 -0.340612 0.909068 0 0 0 0 0 0 
-4.427745 3.642811 2.753344 0.307546 0.249880 -0.918137 0.527446 0.281876 -0.801465 0 0 0 0 0 0 
-4.297328 3.860034 3.095610 0.327331 0.121386 0.937080 -0.048355 -0.732427 -0.679126 0 0 0 0 0 0 
-4.523986 3.601266 3.325992 0.459192 0.407230 0.789498 -0.441421 -0.579158 -0.685364 0 0 0 0 0 0 
-4.379443 3.275807 3.141820 -0.166614 -0.659794 0.732743 -0.682691 0.483467 -0.547899 0 0 0 0 0 0 
-3.989931 3.419510 3.208144 0.149645 0.733038 0.663523 -0.106329 -0.774342 -0.623769 0 0 0 0 0 0 
-4.047599 3.513144 3.592930 0.680395 -0.537015 -0.498676 0.900404 -0.227639 -0.370747 0 0 0 0 0 0 
-4.190213 3.153520 3.681290 -0.456762 0.151846 0.876533 0.172243 -0.436282 -0.883171 0 0 0 0 0 0 
-3.886294 2.949637 3.490723 0.809708 0.584663 0.050422 -0.710077 -0.700358 -0.072732 0 0 0 0 0 0 
-3.618929 3.194520 3.699093 0.199715 0.567132 0.799046 -0.451761 -0.547874 -0.704092 0 0 0 0 0 0 
-3.798591 3.100454 4.047647 0.100349 0.667920 -0.737437 0.065616 0.847211 -0.527189 0 0 0 0 0 0 
-3.804841 2.701032 3.878124 0.937625 0.341349 -0.065881 0.112221 0.959204 -0.259486 0 0 0 0 0 0 
-3.425034 2.704432 3.820693 0.833403 -0.524637 -0.173770 -0.937881 -0.002528 -0.346949 0 0 0 0 0 0 
-3.315318 2.898980 4.181768 0.866887 0.357277 0.347648 -0.875939 -0.349082 -0.332974 0 0 0 0 0 0 
-3.563194 2.650148 4.387551 0.528551 0.520159 -0.670872 0.229941 -0.843342 -0.485696 0 0 0 0 0 0 
-3.362905 2.348370 4.191969 0.259141 0.721001 -0.642653 0.134377 0.745014 -0.653374 0 0 0 0 0 0 
-3.006238 2.465327 4.323418 -0.175652 -0.982734 0.058139 -0.377893 0.260181 -0.888540 0 0 0 0 0 0 
-2.888524 2.691258 4.064743 -0.207150 0.434947 -0.876305 -0.145504 0.473524 -0.868679 0 0 0 0 0 0 
-2.752815 3.090443 4.185391 -0.750412 -0.660672 0.019868 -0.735578 0.633322 0.240476 0 0 0 0 0 0 
-2.635394 3.255473 3.858675 0.168022 -0.877611 -0.448962 0.821084 -0.490214 -0.292422 0 0 0 0 0 0 
-2.933957 3.361051 3.635696 -0.612247 0.625011 0.484267 0.225009 0.963519 0.144918 0 0 0 0 0 0 
-2.912825 3.523604 3.277203 0.651119 -0.500613 -0.570465 0.876808 -0.290142 -0.383440 0 0 0 0 0 0 
-3.236284 3.717620 3.142228 0.181271 -0.015439 -0.983312 0.397592 -0.025336 -0.917213 0 0 0 0 0 0 
-3.198409 3.726753 2.737039 -0.010798 0.245682 -0.969290 -0.083565 0.184281 -0.979315 0 0 0 0 0 0 
-3.328344 4.046911 2.533987 -0.045831 0.687107 0.725110 0.056547 -0.666799 -0.743089 0 0 0 0 0 0 
-3.575226 3.802690 2.266042 0.481648 -0.451779 -0.750940 0.848710 -0.223307 -0.479400 0 0 0 0 0 0 
-3.803629 3.795172 2.605797 0.824102 -0.325654 -0.463471 0.726637 -0.353406 -0.589155 0 0 0 0 0 0 
-4.064787 4.074993 2.568414 0.266727 0.086694 -0.959865 -0.067303 0.373541 -0.925169 0 0 0 0 0 0 
-4.018362 4.400810 2.839491 -0.914495 0.299323 -0.272221 -0.800170 0.341927 0.492762 0 0 0 0 0 0 
-3.674374 4.235451 2.969095 -0.103304 0.959778 -0.261066 0.140607 0.940640 -0.308912 0 0 0 0 0 0 
-3.607998 4.592823 3.187670 0.583640 -0.557424 -0.590460 -0.534334 -0.695198 0.480819 0 0 0 0 0 0 
-3.924645 4.535149 3.423703 0.463469 0.422569 0.778866 -0.508109 0.732937 -0.452360 0 0 0 0 0 0 
-3.834554 4.159641 3.457963 -0.914202 -0.202045 -0.351300 0.173657 0.026245 -0.984456 0 0 0 0 0 0 
-3.479955 4.244398 3.630357 0.397103 0.146956 -0.905932 0.528938 0.299966 -0.793880 0 0 0 0 0 0 
-3.623691 4.568554 3.881632 0.195113 0.817312 -0.542154 -0.728402 -0.242214 -0.640908 0 0 0 0 0 0 
-3.940953 4.310840 4.013791 0.933834 -0.121478 0.336449 -0.875677 0.010395 -0.482786 0 0 0 0 0 0 
-3.655296 4.029030 4.094622 0.382402 0.710685 -0.590505 0.427415 0.795071 -0.430322 0 0 0 0 0 0 
-3.405905 4.300282 4.312527 0.947355 -0.277662 0.159443 -0.937551 -0.322478 -0.130411 0 0 0 0 0 0 
-3.534559 4.176294 4.667889 0.704062 0.352029 -0.616744 0.576880 0.455010 -0.678363 0 0 0 0 0 0 
-3.420167 3.794237 4.589443 -0.484026 0.787609 -0.381302 -0.327561 0.940013 -0.095282 0 0 0 0 0 0 
-3.040527 3.972143 4.636633 0.948693 0.298615 -0.103974 0.821701 0.566921 -0.058384 0 0 0 0 0 0 
-3.148627 3.979503 5.023812 0.562963 0.068502 -0.823638 -0.014479 0.284201 -0.958656 0 0 0 0 0 0 
-3.152787 3.608776 5.016956 -0.163591 0.659890 -0.733337 0.137615 0.032568 -0.989950 0 0 0 0 0 0 
-2.840246 3.535724 4.827757 0.775250 0.508803 0.374308 -0.851820 -0.467438 -0.236442 0 0 0 0 0 0 
-2.928052 3.541490 4.417984 0.181771 -0.035019 -0.982717 0.454334 -0.353968 -0.817489 0 0 0 0 0 0 
-2.675182 3.718809 4.174943 0.843183 0.066163 0.533541 -0.845442 0.449674 -0.288134 0 0 0 0 0 0 
-2.900446 3.867936 3.860662 0.702445 -0.695277 -0.152190 0.670799 -0.291059 -0.682138 0 0 0 0 0 0 
-2.747682 3.984073 3.526813 0.143081 0.858828 -0.491876 0.245472 0.863789 -0.440014 0 0 0 0 0 0 
-2.867176 4.035829 3.132005 0.920080 -0.376032 -0.109786 -0.681735 -0.355166 0.639605 0 0 0 0 0 0 
-2.792439 3.807080 2.786070 -0.055046 0.890546 0.451550 0.000181 -0.894396 -0.447276 0 0 0 0 0 0 
-2.839748 3.845223 2.373209 -0.026270 0.939254 -0.342215 0.328427 0.779774 -0.532999 0 0 0 0 0 0 
-2.721286 4.239226 2.465569 -0.268281 0.906929 -0.324816 -0.124226 0.986085 -0.110475 0 0 0 0 0 0 
-2.653480 4.371266 2.095132 -0.807976 0.503425 -0.306168 0.193979 0.512873 -0.836261 0 0 0 0 0 0 
-2.640685 4.791588 2.146808 0.663789 0.711220 -0.231410 0.872099 0.279905 0.401369 0 0 0 0 0 0 
-2.517014 5.084055 2.437035 0.689746 -0.190302 0.698596 -0.751449 0.208491 -0.625984 0 0 0 0 0 0 
-2.898252 5.211507 2.471211 0.437444 -0.325703 0.838189 -0.665931 0.070304 -0.742693 0 0 0 0 0 0 
-3.018352 4.820147 2.577950 0.429190 0.872864 -0.232175 0.111360 0.976147 0.186375 0 0 0 0 0 0 
-2.670429 4.841965 2.839996 -0.675306 0.544804 -0.497142 -0.535776 0.784375 -0.312570 0 0 0 0 0 0 
-2.774993 5.181414 3.026634 -0.735622 0.536234 -0.413900 0.091483 -0.995368 -0.029537 0 0 0 0 0 0 
-3.165137 5.048300 3.103237 -0.915146 0.204088 -0.347642 0.342747 -0.770518 -0.537426 0 0 0 0 0 0 
-3.028038 4.714172 3.244790 0.960622 -0.236444 0.145940 -0.980378 0.192744 -0.041330 0 0 0 0 0 0 
-2.768801 4.913833 3.499047 0.088194 0.942594 -0.322083 0.543665 -0.173697 -0.821132 0 0 0 0 0 0 
-3.028950 5.211763 3.639773 0.024331 0.616047 0.787334 0.192652 -0.546196 -0.815202 0 0 0 0 0 0 
-3.278156 4.883047 3.688321 0.252032 0.359445 0.898487 -0.287306 -0.332188 -0.898391 0 0 0 0 0 0 
-2.982513 4.704258 3.932369 0.557777 -0.827017 0.070205 0.233653 -0.175267 -0.956393 0 0 0 0 0 0 
-2.796943 4.457105 3.673870 -0.209082 0.936511 -0.281483 -0.452573 0.866888 -0.209004 0 0 0 0 0 0 
-2.477888 4.320486 3.888132 0.931419 -0.172806 0.320307 -0.992582 0.120638 -0.015052 0 0 0 0 0 0 
-2.321469 4.156600 3.527611 0.813334 -0.581404 0.021376 -0.832251 0.278517 -0.479361 0 0 0 0 0 0 
-2.357153 4.214674 3.130295 -0.529533 0.623916 0.574738 0.661527 -0.678853 -0.318653 0 0 0 0 0 0 
-2.318076 3.869816 2.832368 0.784770 0.413577 -0.461616 0.880230 0.370349 -0.296710 0 0 0 0 0 0 
-2.337403 3.871910 2.426652 0.979181 -0.113368 -0.168381 0.941548 0.274028 -0.195951 0 0 0 0 0 0 
-2.308451 3.562922 2.108858 0.014269 0.866291 -0.499336 0.099830 0.994797 0.020326 0 0 0 0 0 0 
-2.041658 3.793870 1.949326 -0.111267 0.622419 -0.774735 -0.434034 0.898394 0.067103 0 0 0 0 0 0 
-1.729174 4.042504 2.046118 -0.410449 0.757990 0.506934 0.442865 0.801246 -0.402337 0 0 0 0 0 0 
-1.852926 4.427989 2.085592 0.324635 0.225511 0.918562 -0.271756 -0.259061 -0.926842 0 0 0 0 0 0 
-1.581980 4.732255 2.160177 0.476032 0.258423 -0.840602 -0.599810 -0.632178 -0.490488 0 0 0 0 0 0 
-1.850484 5.034382 2.241324 0.888763 0.361534 0.281767 0.191365 -0.665851 -0.721126 0 0 0 0 0 0 
-2.006253 4.784895 2.515297 0.915811 0.274984 -0.292701 0.799294 0.451511 -0.396569 0 0 0 0 0 0 
-1.638553 4.728732 2.690220 -0.195730 0.936107 -0.292220 -0.219850 0.942059 -0.253360 0 0 0 0 0 0 
-1.554361 5.113423 2.750128 -0.496735 0.866857 0.042593 -0.304166 0.951769 -0.040245 0 0 0 0 0 0 
-1.905357 5.220164 2.903451 -0.072753 0.447636 0.891252 0.263383 -0.473787 -0.840330 0 0 0 0 0 0 
-1.902116 4.929037 3.155617 0.187067 -0.224402 0.956373 -0.551115 0.065759 -0.831834 0 0 0 0 0 0 
-1.498844 5.021649 3.281915 0.208522 0.713140 0.669291 0.647347 -0.758479 -0.075179 0 0 0 0 0 0 
-1.613884 5.421151 3.373420 0.197878 0.567092 -0.799532 0.199695 0.558183 -0.805328 0 0 0 0 0 0 
-1.938251 5.307203 3.552043 0.985882 -0.080131 -0.147022 0.614761 0.090670 0.783484 0 0 0 0 0 0 
-1.709336 5.052136 3.782641 0.702485 -0.604629 -0.375418 0.593110 -0.258934 -0.762348 0 0 0 0 0 0 
-1.962802 4.713381 3.642538 0.178668 0.457471 -0.871090 0.312107 0.475647 -0.822404 0 0 0 0 0 0 
-1.803130 4.339967 3.530123 0.615301 0.356118 0.703267 -0.343564 -0.303258 -0.888819 0 0 0 0 0 0 
-1.851004 4.218272 3.128589 -0.596640 -0.539849 -0.593788 -0.771178 0.564894 -0.293563 0 0 0 0 0 0 
-1.805673 3.848502 2.939563 0.144131 0.271800 -0.951499 0.035221 0.412984 -0.910057 0 0 0 0 0 0 
-1.807412 3.872632 2.522568 0.934256 -0.356579 0.004256 -0.926985 0.375042 -0.006490 0 0 0 0 0 0 
-1.857439 3.530859 2.239502 0.544333 0.604395 0.581729 -0.439674 -0.802995 -0.402351 0 0 0 0 0 0 
-1.578922 3.413085 2.010466 0.753954 0.537723 0.377368 0.186281 -0.962217 -0.198588 0 0 0 0 0 0 
-1.548109 3.079629 1.742938 -0.316803 0.789709 0.525353 0.211647 -0.824181 -0.525292 0 0 0 0 0 0 
-1.187907 3.121327 1.569879 -0.366683 0.927122 -0.077381 -0.163605 0.926138 0.339857 0 0 0 0 0 0 
-0.779060 3.191029 1.716929 0.474424 0.746845 0.465988 -0.295779 0.621840 -0.725141 0 0 0 0 0 0 
-0.805898 3.544210 1.561102 0.615948 0.617360 0.489362 -0.636625 -0.612219 -0.468931 0 0 0 0 0 0 
-1.133590 3.659448 1.756116 -0.372273 0.870255 -0.322597 -0.199145 0.977488 -0.069707 0 0 0 0 0 0 
-0.960853 3.518475 2.112648 0.304889 0.686154 -0.660481 0.277645 0.751157 -0.598896 0 0 0 0 0 0 
-0.629625 3.762411 2.087159 0.747516 0.237580 0.620303 0.491642 -0.261019 -0.830757 0 0 0 0 0 0 
-0.834797 4.100279 2.020920 0.901407 -0.009600 0.432866 -0.952867 -0.056823 -0.298020 0 0 0 0 0 0 
-1.051575 4.047609 2.338704 0.501556 -0.733386 0.458897 -0.560819 0.175640 -0.809094 0 0 0 0 0 0 
-0.735327 3.992947 2.592089 0.903712 0.377988 0.201071 -0.899152 0.433354 -0.061070 0 0 0 0 0 0 
-0.564816 4.368197 2.409771 -0.007922 0.468928 0.883201 -0.237251 -0.496201 -0.835162 0 0 0 0 0 0 
-0.918004 4.538163 2.575836 0.960779 -0.111345 -0.253980 0.802775 -0.228450 0.550784 0 0 0 0 0 0 
-0.832517 4.408292 2.931566 -0.984177 -0.057793 -0.167498 0.368182 -0.857214 -0.360036 0 0 0 0 0 0 
-1.056278 4.036619 2.937825 -0.050135 0.904313 -0.423916 0.260889 0.828138 -0.496110 0 0 0 0 0 0 
-0.912877 3.670229 3.031831 0.330717 0.919488 0.212530 0.093317 0.213544 -0.972466 0 0 0 0 0 0 
-1.254124 3.502961 3.113909 0.787601 0.615579 -0.027332 -0.150924 0.988382 0.017971 0 0 0 0 0 0 
-1.447618 3.421506 2.722324 0.782173 -0.396448 0.480661 -0.925476 0.339485 -0.168058 0 0 0 0 0 0 
-1.796340 3.257669 2.607158 0.411356 -0.377930 0.829431 -0.365772 0.102303 -0.925065 0 0 0 0 0 0 
-1.747042 2.962685 2.297150 0.632396 0.766189 0.114149 -0.168292 0.277365 -0.945910 0 0 0 0 0 0 
-2.044479 2.954267 2.053829 -0.266980 0.529716 0.805061 -0.439919 0.399790 -0.804139 0 0 0 0 0 0 
-2.219015 2.696524 1.849795 0.174257 0.131983 0.975815 -0.518680 0.182091 -0.835353 0 0 0 0 0 0 
-2.046184 2.439325 2.076268 0.317979 0.619432 -0.717770 0.383814 0.733381 -0.561105 0 0 0 0 0 0 
-2.219547 2.111829 1.840190 0.540675 0.837103 -0.083240 0.075551 -0.159922 -0.984234 0 0 0 0 0 0 
-2.040170 2.214766 1.513301 0.745728 -0.298957 0.595412 -0.860144 0.084981 -0.502922 0 0 0 0 0 0 
-1.669164 2.258598 1.663854 -0.155056 0.680336 -0.716310 -0.214330 0.701277 -0.679907 0 0 0 0 0 0 
-1.692877 2.009424 1.953427 -0.506910 0.611731 0.607312 0.445762 -0.612518 -0.652777 0 0 0 0 0 0 
-1.439893 1.928363 2.268117 0.876250 0.480887 -0.030544 -0.139191 -0.975939 -0.167833 0 0 0 0 0 0 
-1.172159 1.857096 1.983942 0.281394 -0.384154 -0.879343 -0.745993 -0.650027 0.144772 0 0 0 0 0 0 
-1.147280 2.252975 1.954264 -0.019836 -0.097264 0.995061 -0.306486 -0.352563 -0.884175 0 0 0 0 0 0 
-1.073404 2.334262 2.387265 0.565544 0.820972 -0.078518 0.417096 -0.392745 -0.819623 0 0 0 0 0 0 
-0.802962 2.046853 2.374686 -0.765886 -0.265161 0.585754 -0.452234 0.358525 -0.816667 0 0 0 0 0 0 
-0.623058 2.191343 2.052045 -0.955368 -0.285745 -0.074979 0.589030 -0.597170 -0.544455 0 0 0 0 0 0 
-0.615808 2.601159 2.242362 0.017372 0.893126 0.449470 0.393106 -0.915912 -0.081080 0 0 0 0 0 0 
-0.397791 2.480129 2.598921 0.624905 0.260618 -0.735916 0.394910 0.704106 -0.590154 0 0 0 0 0 0 
-0.101632 2.385348 2.389049 0.572674 0.740689 -0.351318 -0.167078 -0.340550 -0.925262 0 0 0 0 0 0 
-0.042206 2.782819 2.244225 0.147215 0.224155 0.963370 -0.279177 -0.383060 -0.880525 0 0 0 0 0 0 
-0.268070 2.994309 2.528451 -0.796914 -0.209560 0.566580 0.168310 -0.402539 -0.899797 0 0 0 0 0 0 
-0.214190 2.836821 2.881706 -0.285860 -0.940453 0.183933 -0.453961 0.269248 -0.849368 0 0 0 0 0 0 
-0.335533 3.175759 3.109154 -0.217532 0.886527 -0.408349 -0.330100 0.934977 0.129815 0 0 0 0 0 0 
-0.710909 3.178500 2.906832 0.670250 0.740847 -0.043700 0.659011 -0.709758 -0.248893 0 0 0 0 0 0 
-1.045814 3.028608 3.044992 0.342041 0.228619 -0.911450 0.248419 0.216101 -0.944240 0 0 0 0 0 0 
-1.361937 2.920599 2.829969 0.656037 -0.251605 -0.711555 0.686904 -0.285086 -0.668497 0 0 0 0 0 0 
-1.749392 2.873364 2.924244 0.733985 0.639718 0.228092 -0.808742 -0.588160 0.001813 0 0 0 0 0 0 
-1.929124 2.682939 2.600207 -0.395554 0.414496 0.819591 -0.000355 0.999181 -0.040453 0 0 0 0 0 0 
-2.314461 2.731704 2.493305 0.400930 0.909947 -0.106074 0.764000 0.532025 -0.365039 0 0 0 0 0 0 
-2.531586 2.497110 2.200743 0.458480 -0.885678 0.073283 -0.502727 0.470729 0.725038 0 0 0 0 0 0 
-2.638852 2.092747 2.201104 0.635478 0.566985 0.524114 -0.625752 -0.700147 -0.343844 0 0 0 0 0 0 
-2.460066 2.056731 2.576627 0.107649 0.221656 0.969165 -0.211336 -0.384116 -0.898773 0 0 0 0 0 0 
-2.681628 1.743524 2.702779 0.861190 0.162002 0.481775 -0.880387 0.301496 -0.366085 0 0 0 0 0 0 
-2.695812 1.450130 2.968934 -0.811691 0.527223 -0.251384 -0.559372 0.798615 -0.222077 0 0 0 0 0 0 
-2.488244 1.177335 2.733293 0.980464 0.071066 0.183410 -0.794436 -0.193672 -0.575641 0 0 0 0 0 0 
-2.186911 1.430634 2.660685 0.371683 -0.018418 0.928177 -0.524469 0.114527 -0.843692 0 0 0 0 0 0 
-2.155543 1.683745 2.977419 0.639727 0.767070 0.048513 -0.793945 0.601549 0.088267 0 0 0 0 0 0 
-1.849457 1.504893 3.149745 0.494569 -0.576042 -0.650828 -0.832167 0.366193 -0.416415 0 0 0 0 0 0 
-1.656929 1.453064 2.773565 -0.363725 0.260403 -0.894368 -0.261891 0.538802 -0.800691 0 0 0 0 0 0 
-1.664905 1.872159 2.797892 0.465310 0.804221 0.369751 -0.398289 -0.832818 -0.384422 0 0 0 0 0 0 
-1.491017 1.902900 3.191341 -0.822500 0.514517 -0.242418 -0.541149 0.836363 -0.087487 0 0 0 0 0 0 
-1.233532 1.611486 3.079923 0.466390 0.529189 -0.708830 0.467862 0.496262 -0.731320 0 0 0 0 0 0 
-1.117543 1.879478 2.779428 0.384506 -0.702434 0.598951 0.997078 0.061148 -0.045783 0 0 0 0 0 0 
-1.040312 2.190117 3.069857 -0.684402 -0.702628 -0.194701 -0.411644 0.389066 -0.824122 0 0 0 0 0 0 
-1.361470 2.412595 3.078849 0.085978 -0.965661 0.245167 -0.355532 0.233790 -0.904953 0 0 0 0 0 0 
-1.400922 2.704221 3.386194 0.151627 0.864073 -0.479986 -0.229692 -0.430240 -0.873003 0 0 0 0 0 0 
-1.807807 2.668926 3.395901 0.821535 -0.553177 -0.138113 0.330231 -0.178973 -0.926777 0 0 0 0 0 0 
-2.096677 2.561438 3.126781 0.769300 -0.147866 -0.621541 0.870702 -0.151063 -0.468036 0 0 0 0 0 0 
-2.402530 2.767165 2.982196 0.458550 0.469636 -0.754436 0.494111 0.519735 -0.696943 0 0 0 0 0 0 
-2.743954 2.540648 2.913716 0.180248 0.856544 -0.483574 0.035691 0.912509 -0.407497 0 0 0 0 0 0 
-3.077100 2.635384 2.711656 0.716817 0.696713 -0.027653 -0.688930 0.704621 0.169952 0 0 0 0 0 0 
-3.350180 2.370042 2.499652 -0.009461 0.956302 0.292229 -0.344525 0.264756 -0.900670 0 0 0 0 0 0 
-3.201892 2.039139 2.689161 0.520677 0.481364 -0.705113 0.590269 0.438800 -0.677522 0 0 0 0 0 0 
-3.294163 2.231604 3.085685 0.773218 0.285656 -0.566157 0.785811 0.390449 -0.479636 0 0 0 0 0 0 
-3.558136 2.526432 3.012341 -0.739082 -0.090995 -0.667441 -0.893034 0.142524 0.426821 0 0 0 0 0 0 
-3.815040 2.343676 2.706787 0.482225 0.855358 -0.189268 0.821575 0.552709 0.139742 0 0 0 0 0 0 
-4.136121 2.192546 2.872889 -0.310213 0.187772 0.931939 0.626466 -0.536050 -0.565854 0 0 0 0 0 0 
-4.387403 2.281483 3.169241 0.677007 0.721574 0.144889 -0.307487 -0.914170 -0.264093 0 0 0 0 0 0 
-4.250044 2.490234 3.531816 0.716642 -0.322486 0.618407 -0.807331 0.081239 -0.584480 0 0 0 0 0 0 
-4.270143 2.145286 3.684183 -0.028406 -0.234980 -0.971585 0.372328 0.155272 -0.915021 0 0 0 0 0 0 
-4.048603 1.934548 3.393700 0.960670 0.142082 -0.238592 0.809801 -0.511064 0.288160 0 0 0 0 0 0 
-3.793581 2.232521 3.432076 0.646061 0.663061 -0.378094 0.882994 0.463334 0.075119 0 0 0 0 0 0 
-3.722508 2.258561 3.860531 -0.248811 0.636450 0.730085 -0.483428 0.516918 -0.706465 0 0 0 0 0 0 
-3.671606 1.855061 3.788733 0.563865 0.456217 -0.688421 -0.009687 -0.854264 -0.519750 0 0 0 0 0 0 
-3.436057 1.839665 3.473031 -0.495810 0.203437 -0.844266 -0.142292 0.504616 -0.851537 0 0 0 0 0 0 
-3.233098 2.134293 3.706101 0.173110 0.826711 0.535334 -0.188574 -0.820013 -0.540387 0 0 0 0 0 0 
-3.196986 1.878321 3.999131 0.398206 0.916426 0.039937 -0.473077 0.235994 -0.848825 0 0 0 0 0 0 
-3.059957 1.582922 3.719356 -0.687020 0.247544 0.683173 0.012421 -0.750699 -0.660528 0 0 0 0 0 0 
-2.783796 1.822413 3.584578 0.744347 -0.255041 -0.617173 0.653699 -0.248183 -0.714901 0 0 0 0 0 0 
-2.638731 1.937757 3.963110 -0.442212 0.851415 0.282030 -0.686931 -0.724155 -0.061039 0 0 0 0 0 0 
-2.616692 1.534477 4.036615 -0.164896 0.784817 0.597388 0.180032 -0.864779 -0.468770 0 0 0 0 0 0 
-2.436396 1.434387 3.685767 0.504545 0.616187 -0.604771 0.575082 0.610229 -0.544887 0 0 0 0 0 0 
-2.188220 1.745771 3.747723 0.668347 0.094449 -0.737829 0.799202 0.124681 -0.587989 0 0 0 0 0 0 
-2.105135 1.653152 4.147987 0.693435 0.636287 0.338063 -0.587555 -0.776995 -0.225959 0 0 0 0 0 0 
-2.051212 1.262562 3.997763 0.417676 0.864323 0.280166 -0.456133 -0.857609 -0.237593 0 0 0 0 0 0 
-1.749081 1.432644 3.771714 0.831400 -0.175202 -0.527332 0.973353 -0.201087 -0.110216 0 0 0 0 0 0 
-4.665423 0.405555 1.091631 -0.474510 0.515685 -0.713379 0.117628 -0.873134 -0.473076 0 0 0 0 0 0 
-4.806974 0.041504 0.929878 0.170871 0.672939 -0.719691 0.141413 -0.829512 -0.540289 0 0 0 0 0 0 
-4.924133 -0.190955 0.648776 0.718512 0.494488 -0.489104 0.107422 -0.784823 -0.610338 0 0 0 0 0 0 
-4.968416 -0.305060 0.278577 0.993157 0.091066 -0.073112 0.158730 -0.724455 -0.670798 0 0 0 0 0 0 
-4.887832 -0.433880 -0.128778 0.880970 -0.284571 0.378036 0.273229 -0.711696 -0.647174 0 0 0 0 0 0 
-4.643187 -0.590325 -0.440825 0.561775 -0.554417 0.614028 0.365384 -0.670226 -0.645981 0 0 0 0 0 0 
-4.319470 -0.788658 -0.733391 0.035772 -0.743460 0.667823 0.361124 -0.722754 -0.589251 0 0 0 0 0 0 
-3.988781 -1.100480 -0.892175 -0.460057 -0.671676 0.580688 0.373117 -0.806190 -0.459174 0 0 0 0 0 0 
-3.729513 -1.488012 -0.903659 -0.875131 -0.476550 0.083935 0.363671 -0.822980 -0.436403 0 0 0 0 0 0 
-3.539445 -1.951033 -0.911343 -0.946570 -0.061082 -0.316662 0.311069 -0.832931 -0.457669 0 0 0 0 0 0 
-3.536590 -2.456869 -0.974465 -0.620762 0.401522 -0.673375 0.271267 -0.802087 -0.532044 0 0 0 0 0 0 
-3.613588 -2.903338 -1.184131 -0.154057 0.699481 -0.697849 0.206331 -0.785439 -0.583535 0 0 0 0 0 0 
-3.763991 -3.211120 -1.480507 0.449281 0.701762 -0.552880 0.162094 -0.705301 -0.690128 0 0 0 0 0 0 
-3.834949 -3.383036 -1.897299 0.870677 0.462010 -0.168728 0.258195 -0.635632 -0.727535 0 0 0 0 0 0 
-3.780152 -3.499190 -2.350685 0.971701 0.129909 0.197284 0.339785 -0.536779 -0.772279 0 0 0 0 0 0 
-3.551307 -3.514829 -2.739354 0.761519 -0.367371 0.533972 0.400669 -0.560755 -0.724581 0 0 0 0 0 0 
-3.194378 -3.590656 -3.069469 0.316337 -0.685589 0.655667 0.488988 -0.569698 -0.660556 0 0 0 0 0 0 
-2.763331 -3.778483 -3.234944 -0.186311 -0.829521 0.526481 0.598605 -0.577011 -0.555635 0 0 0 0 0 0 
-2.351241 -4.064145 -3.334256 -0.678030 -0.713450 0.176818 0.579302 -0.646518 -0.496411 0 0 0 0 0 0 
-2.023812 -4.468987 -3.392582 -0.915395 -0.362134 -0.175816 0.516686 -0.681055 -0.518845 0 0 0 0 0 0 
-1.852177 -4.907757 -3.452127 -0.822818 0.078525 -0.562854 0.418879 -0.713478 -0.561684 0 0 0 0 0 0 
-1.826570 -5.328227 -3.590266 -0.329152 0.520834 -0.787649 0.327149 -0.738660 -0.589368 0 0 0 0 0 0 
-1.862391 -5.664570 -3.885735 0.159124 0.767482 -0.621008 0.336131 -0.657241 -0.674574 0 0 0 0 0 0 
-1.926687 -5.886702 -4.290691 0.653670 0.711441 -0.258007 0.346924 -0.568263 -0.746137 0 0 0 0 0 0 
-1.889270 -5.948927 -4.733355 0.928639 0.333121 0.163281 0.404575 -0.480773 -0.777931 0 0 0 0 0 0 
-1.708601 -5.971324 -5.151516 0.866166 -0.080727 0.493194 0.529781 -0.412560 -0.741031 0 0 0 0 0 0 
-1.351408 -5.955931 -5.471130 0.549246 -0.514973 0.658128 0.638691 -0.367289 -0.676145 0 0 0 0 0 0 
-0.940675 -5.979965 -5.668579 0.032429 -0.854178 0.518968 0.700785 -0.323556 -0.635777 0 0 0 0 0 0 
-0.502742 -6.092379 -5.788697 -0.393051 -0.899991 0.188488 0.726651 -0.412399 -0.549459 0 0 0 0 0 0 
-0.105553 -6.388351 -5.864669 -0.736803 -0.655450 -0.165854 0.622801 -0.530124 -0.575402 0 0 0 0 0 0 
0.125141 -6.790211 -5.942591 -0.771426 -0.131985 -0.622480 0.599269 -0.538152 -0.592680 0 0 0 0 0 0 
0.261812 -7.151095 -6.202935 -0.509119 0.503472 -0.698078 0.521234 -0.586819 -0.619643 0 0 0 0 0 0 
0.773247 -7.076248 -6.866822 -0.221379 0.116000 -0.968264 0.615616 0.784198 0.077787 0 0 0 0 0 0 
1.091372 -6.918446 -6.985093 -0.644252 0.477024 -0.597819 0.606308 0.794398 0.036374 0 0 0 0 0 0 
1.328757 -6.686875 -7.249954 -0.822636 0.562918 0.079958 0.575190 0.816709 -0.046298 0 0 0 0 0 0 
1.410210 -6.371279 -7.531909 -0.548142 0.412380 0.727656 0.522148 0.849112 -0.079814 0 0 0 0 0 0 
1.408120 -5.961040 -7.674963 -0.119527 0.105447 0.987215 0.449009 0.893512 0.005226 0 0 0 0 0 0 
1.383991 -5.499066 -7.628953 0.316265 -0.235571 0.918957 0.437448 0.893981 0.097148 0 0 0 0 0 0 
1.437596 -5.099902 -7.428265 0.650247 -0.505955 0.566735 0.496761 0.820919 0.281640 0 0 0 0 0 0 
1.588141 -4.743725 -7.092993 0.786139 -0.617841 0.016078 0.604589 0.729274 0.320361 0 0 0 0 0 0 
1.888561 -4.540201 -6.723430 0.667386 -0.476779 -0.572082 0.678831 0.644913 0.351106 0 0 0 0 0 0 
2.267146 -4.494683 -6.418537 0.383192 -0.068019 -0.921161 0.748074 0.569914 0.339974 0 0 0 0 0 0 
2.716327 -4.483373 -6.324032 -0.038978 0.337829 -0.940400 0.812516 0.520564 0.262356 0 0 0 0 0 0 
3.156354 -4.407785 -6.386478 -0.369125 0.665563 -0.648669 0.832288 0.527485 0.170460 0 0 0 0 0 0 
3.530268 -4.233896 -6.589144 -0.615315 0.785474 -0.066469 0.799395 0.589129 0.117875 0 0 0 0 0 0 
3.799006 -3.938835 -6.781886 -0.559248 0.618030 0.552523 0.767023 0.624329 0.147950 0 0 0 0 0 0 
3.975317 -3.574594 -6.863627 -0.293861 0.172001 0.940246 0.681656 0.689819 0.243914 0 0 0 0 0 0 
4.105424 -3.133853 -6.762182 -0.027267 -0.318323 0.947590 0.638985 0.678360 0.362666 0 0 0 0 0 0 
4.201985 -2.764573 -6.497499 0.341283 -0.625664 0.701477 0.617832 0.610287 0.495816 0 0 0 0 0 0 
4.349515 -2.530696 -6.091372 0.673765 -0.729061 0.120456 0.649988 0.549063 0.525400 0 0 0 0 0 0 
4.587813 -2.426970 -5.665223 0.728447 -0.544319 -0.416030 0.704540 0.433975 0.561506 0 0 0 0 0 0 
4.927987 -2.449032 -5.316870 0.536914 -0.083020 -0.839542 0.762503 0.338635 0.551285 0 0 0 0 0 0 
5.348576 -2.510709 -5.069661 0.244094 0.418728 -0.874691 0.805602 0.300696 0.510477 0 0 0 0 0 0 
5.781453 -2.507441 -4.985566 -0.119978 0.762522 -0.635741 0.853802 0.304255 0.422435 0 0 0 0 0 0 
6.193027 -2.398115 -4.996697 -0.453826 0.850339 -0.266394 0.833244 0.402441 0.379139 0 0 0 0 0 0 
6.532869 -2.185013 -5.065291 -0.574636 0.743337 0.342408 0.775190 0.517415 0.362439 0 0 0 0 0 0 
6.764082 -1.855330 -5.141905 -0.414488 0.348050 0.840869 0.763147 0.520397 0.383138 0 0 0 0 0 0 
6.958587 -1.475496 -5.025201 -0.224924 -0.212605 0.950899 0.715353 0.488931 0.499217 0 0 0 0 0 0 
7.086409 -1.115987 -4.768208 0.115519 -0.624183 0.772691 0.639345 0.510989 0.574568 0 0 0 0 0 0 
7.205848 -0.887975 -4.396131 0.549621 -0.791959 0.265927 0.611194 0.460366 0.643821 0 0 0 0 0 0 
7.052135 -1.052554 -3.993275 0.147029 -0.978082 0.147439 0.932337 0.154939 0.326715 0 0 0 0 0 0 
7.356097 -1.036898 -3.680969 0.133989 -0.845150 -0.517463 0.928708 0.051262 0.367250 0 0 0 0 0 0 
7.660065 -1.183479 -3.437525 0.160246 -0.287351 -0.944325 0.893029 -0.003543 0.449985 0 0 0 0 0 0 
8.110432 -0.678223 -2.786987 0.357725 0.744099 0.564225 -0.349425 0.201715 0.914994 0 0 0 0 0 0 
8.287655 -0.442891 -2.578231 -0.982510 -0.162327 0.091237 0.040703 -0.335715 0.941084 0 0 0 0 0 0 
8.322112 -0.329739 -2.311766 -0.904688 -0.421918 0.059373 -0.217243 -0.163072 0.962400 0 0 0 0 0 0 
8.165498 -0.282890 -2.067886 -0.526730 -0.849820 -0.018980 -0.248584 -0.064854 0.966437 0 0 0 0 0 0 
7.875163 -0.365812 -1.805605 0.280842 -0.958403 -0.050901 -0.356957 -0.050074 0.932778 0 0 0 0 0 0 
7.579925 -0.502492 -1.636159 0.957517 -0.287325 0.024610 -0.396267 -0.105673 0.912034 0 0 0 0 0 0 
7.199998 -0.343916 -1.121488 0.729854 0.053028 -0.681543 -0.871653 -0.129788 0.472628 0 0 0 0 0 0 
7.100161 -0.487678 -0.977251 0.324729 0.541951 -0.775139 -0.873439 -0.351194 0.337292 0 0 0 0 0 0 
7.069551 -0.545203 -0.931132 0.129274 0.645342 -0.752876 -0.810722 -0.363580 0.458846 0 0 0 0 0 0 
7.045884 -0.596390 -1.021486 -0.316195 0.940026 -0.127953 -0.860402 -0.489613 0.141378 0 0 0 0 0 0 
7.120144 -1.234725 -0.908256 0.152780 -0.957117 0.246140 -0.994815 -0.098074 -0.026921 0 0 0 0 0 0 
6.767909 -1.366695 -1.045454 0.200359 -0.625402 0.754141 -0.978007 -0.195122 -0.073687 0 0 0 0 0 0 
6.436895 -1.609722 -1.143753 0.136424 -0.069463 0.988212 -0.967843 -0.249826 0.029430 0 0 0 0 0 0 
6.200791 -1.907103 -1.094577 -0.279738 0.555125 0.783315 -0.973113 -0.223898 0.054042 0 0 0 0 0 0 
-2.624944 -4.782388 -3.981232 0.804595 -0.229308 0.547763 -0.534457 0.466624 0.704712 0 0 0 0 0 0 
-2.858745 -4.797762 -3.601543 0.896917 0.375258 0.233925 -0.516300 0.446448 0.730834 0 0 0 0 0 0 
-2.956467 -4.741896 -3.165015 0.637015 0.741465 -0.210812 -0.397705 0.544860 0.738213 0 0 0 0 0 0 
-2.938177 -4.570953 -2.735376 0.180825 0.842398 -0.507611 -0.346580 0.602559 0.718891 0 0 0 0 0 0 
-2.869606 -4.280768 -2.413354 -0.314736 0.686956 -0.655005 -0.284227 0.700396 0.654722 0 0 0 0 0 0 
-2.799834 -3.876090 -2.244089 -0.787165 0.367884 -0.495008 -0.234861 0.771476 0.591325 0 0 0 0 0 0 
-2.840167 -3.415913 -2.134877 -0.966788 -0.058901 -0.248698 -0.324290 0.785202 0.527536 0 0 0 0 0 0 
-3.044286 -2.939851 -2.059076 -0.844142 -0.517097 0.141543 -0.416043 0.725612 0.548084 0 0 0 0 0 0 
-3.353132 -2.584635 -1.982110 -0.442873 -0.684226 0.579395 -0.412780 0.744881 0.524181 0 0 0 0 0 0 
-3.727575 -2.270459 -1.811780 0.112954 -0.707503 0.697625 -0.456190 0.687929 0.564485 0 0 0 0 0 0 
-4.091261 -2.093265 -1.580303 0.597408 -0.438529 0.671414 -0.458482 0.645226 0.611128 0 0 0 0 0 0 
-4.374871 -2.028203 -1.235800 0.917647 0.079818 0.389298 -0.371873 0.689266 0.621790 0 0 0 0 0 0 
-4.486886 -1.912328 -0.847897 0.867467 0.496370 -0.033446 -0.280243 0.642980 0.712769 0 0 0 0 0 0 
-4.481995 -1.732834 -0.423288 0.580730 0.673729 -0.456992 -0.155798 0.725585 0.670264 0 0 0 0 0 0 
-4.326222 -1.484447 -0.095579 0.021012 0.745461 -0.666218 -0.108596 0.772005 0.626271 0 0 0 0 0 0 
-4.155950 -1.139228 0.118752 -0.528628 0.593430 -0.606955 -0.067299 0.819457 0.569176 0 0 0 0 0 0 
-4.045651 -0.677097 0.197239 -0.907261 0.248407 -0.339368 -0.139564 0.866619 0.479054 0 0 0 0 0 0 
-4.084081 -0.187810 0.199757 -0.985041 -0.145312 0.092625 -0.201636 0.895904 0.395853 0 0 0 0 0 0 
-4.286228 0.272375 0.209832 -0.681773 -0.513345 0.521212 -0.295108 0.854629 0.427225 0 0 0 0 0 0 
-4.623872 0.652963 0.266683 -0.148481 -0.658744 0.737570 -0.340332 0.805194 0.485631 0 0 0 0 0 0 
-4.025403 1.398562 -0.091575 0.127123 0.893956 0.429747 0.501578 -0.645880 0.575551 0 0 0 0 0 0 
-2.199135 0.968947 4.371942 0.581517 -0.749988 -0.315207 -0.632622 -0.665942 -0.395360 0 0 0 0 0 0 
-2.361218 0.796096 4.260115 0.859894 0.422559 0.286403 -0.571145 -0.631015 -0.524989 0 0 0 0 0 0 
-2.383694 0.649518 4.154314 0.416671 0.756365 0.504278 -0.546840 -0.627769 -0.553961 0 0 0 0 0 0 
-1.996601 0.243766 3.984742 0.861688 0.159211 0.481815 0.360620 -0.929590 0.076264 0 0 0 0 0 0 
-1.692196 -0.120251 3.960249 0.265815 0.367226 0.891340 0.448439 -0.887820 0.103337 0 0 0 0 0 0 
-1.388788 -0.426497 3.974987 -0.260338 0.282115 0.923382 0.476436 -0.862857 0.168780 0 0 0 0 0 0 
-1.087113 -0.701126 4.085629 -0.703348 0.072380 0.707151 0.443674 -0.866375 0.229235 0 0 0 0 0 0 
-0.861654 -0.919839 4.312414 -0.935334 -0.305528 0.178335 0.505597 -0.829884 0.235934 0 0 0 0 0 0 
-0.727554 -1.180619 4.557715 -0.788652 -0.449623 -0.419365 0.454137 -0.843639 0.286414 0 0 0 0 0 0 
-0.696066 -1.494307 4.763179 -0.319706 -0.435799 -0.841348 0.383788 -0.888498 0.251549 0 0 0 0 0 0 
-0.696259 -1.876214 4.892908 0.122019 -0.285501 -0.950579 0.324625 -0.940802 0.097521 0 0 0 0 0 0 
-0.692200 -2.281377 4.867362 0.603319 -0.082471 -0.793224 0.277439 -0.960743 -0.001146 0 0 0 0 0 0 
-0.690592 -2.622299 4.722208 0.932982 -0.063935 -0.354199 0.248788 -0.958896 -0.136467 0 0 0 0 0 0 
-0.583127 -3.005002 4.497505 0.985655 0.025338 0.166861 0.346442 -0.916954 -0.197925 0 0 0 0 0 0 
-0.376676 -3.303884 4.310971 0.706081 -0.065809 0.705067 0.447422 -0.878203 -0.169038 0 0 0 0 0 0 
-0.101453 -3.575685 4.170190 0.323447 -0.160486 0.932538 0.553732 -0.823449 -0.123746 0 0 0 0 0 0 
0.242745 -3.837440 4.140594 -0.157884 -0.416112 0.895502 0.504288 -0.855555 -0.117129 0 0 0 0 0 0 
0.549300 -4.113380 4.173236 -0.722863 -0.558813 0.406444 0.425233 -0.892858 -0.148261 0 0 0 0 0 0 
0.757498 -4.472007 4.257482 -0.903893 -0.367091 -0.219596 0.368140 -0.916665 -0.155556 0 0 0 0 0 0 
0.885161 -4.919406 4.357835 -0.740080 -0.016640 -0.672312 0.342549 -0.911446 -0.227873 0 0 0 0 0 0 
0.904651 -5.362093 4.326728 -0.352321 0.370910 -0.859241 0.278123 -0.922353 -0.268166 0 0 0 0 0 0 
0.849410 -5.769248 4.174901 0.117466 0.658107 -0.743705 0.260056 -0.907499 -0.329874 0 0 0 0 0 0 
0.854244 -6.118504 3.963356 0.520333 0.728357 -0.445814 0.250174 -0.869614 -0.425658 0 0 0 0 0 0 
0.847801 -6.322674 3.670122 0.874850 0.483306 0.032453 0.298263 -0.815861 -0.495390 0 0 0 0 0 0 
0.958280 -6.461796 3.402391 0.897986 -0.063967 0.435349 0.380827 -0.752528 -0.537283 0 0 0 0 0 0 
1.162470 -6.541725 3.180101 0.624046 -0.568906 0.535642 0.440100 -0.667673 -0.600436 0 0 0 0 0 0 
1.463570 -6.642406 3.023527 0.187025 -0.899729 0.394347 0.508883 -0.632342 -0.584107 0 0 0 0 0 0 
1.797867 -6.823338 2.902510 -0.173724 -0.970127 0.169335 0.564762 -0.629670 -0.533440 0 0 0 0 0 0 
2.091226 -7.134266 2.844912 -0.577828 -0.790684 -0.202320 0.520078 -0.642179 -0.563139 0 0 0 0 0 0 
2.336368 -7.534960 2.708612 -0.831935 -0.240055 -0.500258 0.422089 -0.669032 -0.611749 0 0 0 0 0 0 
2.432368 -8.001308 2.495017 -0.628335 0.513665 -0.584245 0.444743 -0.616262 -0.649942 0 0 0 0 0 0 
2.477306 -8.393939 2.165156 -0.195283 0.932271 -0.304526 0.370258 -0.535455 -0.759076 0 0 0 0 0 0 
2.447568 -9.217862 2.479139 -0.918737 0.025214 -0.394064 0.155742 -0.504947 -0.848984 0 0 0 0 0 0 
2.403072 -9.531359 2.251739 -0.522087 0.530078 -0.668164 0.133238 -0.545587 -0.827395 0 0 0 0 0 0 
2.259242 -9.776825 1.898648 -0.002366 0.810597 -0.585599 0.068911 -0.513007 -0.855614 0 0 0 0 0 0 
2.116792 -9.951781 1.492064 0.570434 0.742070 -0.352047 0.022622 -0.430282 -0.902411 0 0 0 0 0 0 
2.007898 -9.969214 1.033934 0.928824 0.370323 0.012109 0.022361 -0.282363 -0.959047 0 0 0 0 0 0 
2.046333 -9.924679 0.591471 0.938298 -0.109926 0.327891 0.017584 -0.187537 -0.982100 0 0 0 0 0 0 
2.147637 -9.831571 0.236209 0.650878 -0.694719 0.306142 0.025463 -0.147366 -0.988754 0 0 0 0 0 0 
2.307220 -9.813291 -0.099977 0.212156 -0.955845 0.203348 0.029316 -0.153234 -0.987755 0 0 0 0 0 0 
2.455624 -9.891139 -0.425976 -0.304236 -0.945449 0.116471 0.045365 -0.200323 -0.978679 0 0 0 0 0 0 
2.596068 -10.077560 -0.731522 -0.824609 -0.560023 -0.079966 -0.033242 -0.231280 -0.972319 0 0 0 0 0 0 
2.622990 -10.330927 -1.045910 -0.966744 0.135323 -0.217012 -0.058703 -0.182013 -0.981542 0 0 0 0 0 0 
2.499495 -10.547095 -1.448499 -0.694375 0.708480 -0.126092 -0.159181 -0.126465 -0.979116 0 0 0 0 0 0 
2.302070 -10.651318 -1.843456 -0.281623 0.959368 -0.017355 -0.244803 -0.045388 -0.968510 0 0 0 0 0 0 
2.066534 -10.641498 -2.251370 0.313047 0.949418 0.024654 -0.185816 0.052740 -0.981168 0 0 0 0 0 0 
1.851303 -10.475555 -2.610992 0.769381 0.638784 0.002708 -0.254606 0.189021 -0.948392 0 0 0 0 0 0 
1.699097 -10.222331 -2.947332 0.991849 0.093598 -0.086457 -0.193837 0.256596 -0.946882 0 0 0 0 0 0 
1.675776 -9.960349 -3.261752 0.842716 -0.479278 -0.245198 -0.143378 0.305206 -0.941431 0 0 0 0 0 0 
1.705658 -9.729504 -3.583918 0.503916 -0.788761 -0.352028 -0.037105 0.309982 -0.950018 0 0 0 0 0 0 
1.854010 -9.608919 -3.865991 -0.148808 -0.835159 -0.529496 -0.067245 0.310495 -0.948193 0 0 0 0 0 0 
1.982396 -9.583074 -4.283340 -0.629797 -0.675279 -0.383868 -0.102187 0.288675 -0.951958 0 0 0 0 0 0 
2.028101 -9.597185 -4.735564 -0.970427 -0.218909 -0.101733 -0.127162 0.297015 -0.946368 0 0 0 0 0 0 
1.977435 -9.630695 -5.200990 -0.882317 0.329614 0.335963 -0.190556 0.257416 -0.947325 0 0 0 0 0 0 
1.775004 -9.634399 -5.568755 -0.525991 0.747622 0.405456 -0.356511 0.233484 -0.904647 0 0 0 0 0 0 
1.524990 -9.549569 -5.920911 0.011342 0.917166 0.398343 -0.352786 0.345117 -0.869734 0 0 0 0 0 0 
1.268654 -9.396569 -6.192948 0.507852 0.858599 0.069958 -0.297887 0.436765 -0.848823 0 0 0 0 0 0 
1.088237 -9.117218 -6.415618 0.837531 0.455188 -0.302234 -0.288538 0.536110 -0.793304 0 0 0 0 0 0 
0.996376 -8.785784 -6.621039 0.765486 0.030909 -0.642710 -0.243986 0.540209 -0.805385 0 0 0 0 0 0 
0.271928 -8.772814 -6.856978 -0.610194 -0.471417 -0.636734 -0.845064 0.280805 -0.454989 0 0 0 0 0 0 
-0.040890 -8.651477 -7.159658 0.548092 -0.497648 0.672267 -0.778416 0.177000 -0.602278 0 0 0 0 0 0 
-0.282825 -8.642251 -7.371396 0.561491 -0.201251 0.802637 -0.888464 0.099625 -0.448003 0 0 0 0 0 0 
-0.682384 -8.075038 -7.945355 -0.329304 0.209920 0.920594 0.369941 0.928048 0.043243 0 0 0 0 0 0 
-0.714383 -7.737422 -7.957561 0.339199 -0.419063 0.842217 0.293854 0.955531 0.024698 0 0 0 0 0 0 
-0.537078 -7.433750 -7.652103 0.823718 -0.424021 0.376424 0.547207 0.806618 0.223452 0 0 0 0 0 0 
-0.372203 -7.205035 -7.308196 0.801031 -0.389411 -0.454653 0.540651 0.806579 0.239011 0 0 0 0 0 0 
-0.429305 -7.029956 -7.186190 0.093938 -0.152652 -0.983805 0.775020 0.631937 0.000337 0 0 0 0 0 0 
-0.638784 -6.976342 -6.466649 0.813459 0.075559 0.576693 -0.578870 0.387590 0.717414 0 0 0 0 0 0 
-0.827190 -6.999095 -6.042884 0.753699 0.625780 0.200841 -0.548921 0.332467 0.766911 0 0 0 0 0 0 
-0.909970 -6.913915 -5.585494 0.458512 0.850005 -0.259343 -0.456100 0.396222 0.796857 0 0 0 0 0 0 
-0.859776 -6.762435 -5.195174 -0.128964 0.842640 -0.522806 -0.410399 0.443049 0.797044 0 0 0 0 0 0 
-0.824699 -6.447142 -4.879444 -0.560519 0.554105 -0.615456 -0.389088 0.598794 0.700040 0 0 0 0 0 0 
-0.846236 -6.032325 -4.671435 -0.863746 0.082362 -0.497151 -0.405905 0.672091 0.619303 0 0 0 0 0 0 
-0.982880 -5.590870 -4.598120 -0.909670 -0.396838 -0.122560 -0.468319 0.681161 0.562758 0 0 0 0 0 0 
-1.294454 -5.216918 -4.543345 -0.663271 -0.706014 0.248224 -0.559397 0.679728 0.474389 0 0 0 0 0 0 
-1.699963 -4.951968 -4.479672 -0.191094 -0.753049 0.629604 -0.594420 0.586108 0.550584 0 0 0 0 0 0 
-2.121358 -4.829377 -4.330166 0.367295 -0.519335 0.771613 -0.622245 0.514858 0.589688 0 0 0 0 0 0 
0.595740 -5.055472 3.727691 0.428474 -0.453768 0.781348 -0.465818 0.795098 0.388372 0 0 0 0 0 0 
0.379387 -4.914610 3.901834 0.741328 0.036134 0.670170 -0.458349 0.805095 0.376481 0 0 0 0 0 0 
0.188439 -4.720117 4.129564 0.870282 0.447598 0.205586 -0.343880 0.866681 0.361401 0 0 0 0 0 0 
0.116809 -4.459032 4.429054 0.695475 0.588970 -0.411618 -0.369391 0.859960 0.352165 0 0 0 0 0 0 
0.103997 -4.132724 4.667865 0.179400 0.524048 -0.832580 -0.311962 0.915385 0.254459 0 0 0 0 0 0 
0.133111 -3.748360 4.797489 -0.352044 0.273320 -0.895188 -0.283154 0.932990 0.222157 0 0 0 0 0 0 
0.146962 -3.367113 4.793527 -0.744418 0.111441 -0.658349 -0.297823 0.948852 0.104795 0 0 0 0 0 0 
0.098981 -2.989665 4.663859 -0.984919 0.030002 -0.170392 -0.297642 0.954035 -0.035022 0 0 0 0 0 0 
-0.055815 -2.640591 4.504674 -0.955006 -0.021045 0.295840 -0.401895 0.911820 -0.084058 0 0 0 0 0 0 
-0.321876 -2.350128 4.343973 -0.574201 0.129011 0.808486 -0.455016 0.874911 -0.165804 0 0 0 0 0 0 
-0.621900 -2.063876 4.238481 -0.136900 0.309097 0.941126 -0.501531 0.855375 -0.129614 0 0 0 0 0 0 
-0.944265 -1.768966 4.214982 0.421616 0.375147 0.825533 -0.501342 0.861772 -0.077496 0 0 0 0 0 0 
-1.265852 -1.450729 4.301369 0.840064 0.367042 0.399466 -0.492769 0.868098 -0.059876 0 0 0 0 0 0 
-1.475815 -1.089038 4.453433 0.941389 0.243937 -0.232984 -0.417163 0.908804 -0.007026 0 0 0 0 0 0 
-1.553028 -0.664808 4.566681 0.693634 -0.032333 -0.719601 -0.349771 0.934887 -0.060380 0 0 0 0 0 0 
-1.590597 -0.239063 4.563766 0.373223 -0.328233 -0.867737 -0.295517 0.949003 -0.109828 0 0 0 0 0 0 
-1.541256 0.090525 4.518008 -0.200395 -0.344619 -0.917104 -0.223012 0.952083 -0.209291 0 0 0 0 0 0 
-1.463580 0.334924 4.348432 -0.852849 -0.065475 -0.518037 -0.205664 0.938491 -0.277377 0 0 0 0 0 0 
-1.496541 0.596596 4.135200 -0.986105 0.163304 0.030488 -0.279417 0.893385 -0.351837 0 0 0 0 0 0 
-1.637019 0.987648 3.968724 -0.760372 0.376118 0.529499 -0.346077 0.846423 -0.404719 0 0 0 0 0 0 
-1.572060 1.375955 3.848101 0.332985 0.752994 -0.567558 -0.166970 -0.230920 -0.958539 0 0 0 0 0 0 
-0.650032 -0.337247 -0.257651 0.139706 -0.640829 -0.754865 0.951211 -0.295508 0.088726 0 0 0 0 0 0 
-0.487304 -0.542250 -0.158656 0.549704 0.043381 -0.834232 0.968496 -0.240143 0.065926 0 0 0 0 0 0 
-0.392849 -0.870238 -0.484265 0.180631 0.720327 -0.669703 0.936571 -0.339306 -0.087781 0 0 0 0 0 0 
-0.076531 -1.110314 -0.701925 0.090607 0.995557 -0.025637 0.946528 -0.274528 -0.169470 0 0 0 0 0 0 
0.258274 -1.188307 -0.928508 0.062094 0.876070 0.478169 0.965708 -0.180083 -0.187024 0 0 0 0 0 0 
0.601539 -1.132116 -1.047425 0.034618 0.619751 0.784034 0.981675 -0.079854 -0.173023 0 0 0 0 0 0 
0.918680 -0.958137 -1.142296 0.001382 -0.031183 0.999513 0.997768 -0.059855 -0.029610 0 0 0 0 0 0 
1.263926 -0.780673 -1.052338 -0.033068 -0.716559 0.696742 0.996686 -0.077299 0.025354 0 0 0 0 0 0 
1.600394 -0.683500 -0.895426 -0.038620 -0.979928 0.195575 0.981873 -0.161252 0.099614 0 0 0 0 0 0 
1.880692 -0.772381 -0.684194 0.064577 -0.943437 -0.325201 0.953372 -0.247864 0.172176 0 0 0 0 0 0 
2.177778 -0.996789 -0.459543 0.176193 -0.638183 -0.749452 0.923293 -0.328406 0.199198 0 0 0 0 0 0 
2.472662 -1.299725 -0.319728 0.299233 -0.126117 -0.945809 0.915116 -0.377918 0.140500 0 0 0 0 0 0 
2.806259 -1.621921 -0.350882 0.345292 0.466152 -0.814540 0.924634 -0.373539 0.074295 0 0 0 0 0 0 
3.194331 -1.897064 -0.475407 0.219049 0.929965 -0.295265 0.949924 -0.311042 0.029965 0 0 0 0 0 0 
3.573617 -2.049583 -0.656946 0.121754 0.967563 0.221355 0.975850 -0.211215 -0.055718 0 0 0 0 0 0 
3.991494 -2.032665 -0.825500 -0.074504 0.793529 0.603954 0.985985 -0.065409 -0.153479 0 0 0 0 0 0 
4.299850 -1.926789 -0.943896 0.025318 0.415223 0.909367 0.998117 -0.013471 -0.059833 0 0 0 0 0 0 
4.609891 -1.731138 -0.970698 0.125901 -0.201828 0.971295 0.999668 0.021021 0.014921 0 0 0 0 0 0 
4.926191 -1.539386 -0.889734 0.262128 -0.711489 0.651976 0.996347 0.080580 0.028275 0 0 0 0 0 0 
5.234689 -1.397685 -0.729461 0.352246 -0.928783 0.115262 0.995363 0.079982 0.053431 0 0 0 0 0 0 
5.593930 -1.416756 -0.557227 0.333491 -0.841430 -0.425181 0.991667 0.111667 0.064241 0 0 0 0 0 0 
6.034592 -1.522138 -0.409372 0.158265 -0.425559 -0.890984 0.996568 0.065369 0.050790 0 0 0 0 0 0 
6.496738 -1.662782 -0.367652 -0.051328 0.108311 -0.992791 0.999397 0.032813 0.011341 0 0 0 0 0 0 
6.940039 -1.811790 -0.435079 -0.228660 0.552037 -0.801854 0.994540 0.048955 -0.092157 0 0 0 0 0 0 
7.313187 -1.927321 -0.640722 -0.257109 0.915236 -0.310222 0.980472 0.088388 -0.175674 0 0 0 0 0 0 
7.629410 -1.897883 -0.899628 -0.114920 0.893396 0.434323 0.980869 0.134433 -0.140795 0 0 0 0 0 0 
7.942436 -1.703744 -1.058488 0.037835 0.455605 0.889378 0.942307 0.308424 -0.130122 0 0 0 0 0 0 
8.230573 -1.397345 -1.104634 0.330261 -0.370739 0.868032 0.927369 0.348777 -0.135430 0 0 0 0 0 0 
8.556142 -1.198169 -0.987547 0.326074 -0.895032 0.304292 0.929952 0.367072 0.021155 0 0 0 0 0 0 
8.266694 -0.842153 -1.597272 -0.935186 0.352596 0.033224 0.233943 -0.041517 -0.971364 0 0 0 0 0 0 
8.097170 -0.987166 -1.835062 -0.282604 0.958766 0.030048 0.141896 -0.048178 -0.988708 0 0 0 0 0 0 
7.967220 -1.033615 -2.090877 0.352628 0.932474 0.078394 0.110440 0.075643 -0.991000 0 0 0 0 0 0 
8.395124 -1.307698 -2.196391 0.895015 0.434756 0.099678 -0.395074 -0.731593 -0.555597 0 0 0 0 0 0 
8.891407 -1.665483 -2.545068 0.436906 -0.897381 0.061816 0.156311 -0.826606 0.540638 0 0 0 0 0 0 
9.042036 -1.804241 -2.807746 -0.420052 0.776301 0.470015 -0.956221 -0.098413 -0.275603 0 0 0 0 0 0 
9.060806 -2.243855 -3.177393 -0.409941 0.909552 0.068288 -0.149537 -0.568192 -0.809195 0 0 0 0 0 0 
9.034937 -2.399283 -3.369531 -0.146560 0.881358 0.449143 -0.162755 -0.467032 -0.869133 0 0 0 0 0 0 
8.905510 -2.798387 -3.635466 0.985441 -0.023912 -0.168330 -0.418266 -0.331312 -0.845746 0 0 0 0 0 0 
8.995579 -3.444734 -3.751344 0.408441 -0.456018 0.790710 -0.847884 -0.510097 0.144545 0 0 0 0 0 0 
8.877381 -3.778146 -3.723300 -0.172480 0.294390 0.939992 -0.828645 -0.534282 0.167002 0 0 0 0 0 0 
8.765892 -4.132992 -3.548299 -0.504717 0.637413 0.582208 -0.758115 -0.591048 0.275542 0 0 0 0 0 0 
8.592208 -4.393605 -3.253919 -0.685248 0.725103 0.068276 -0.739002 -0.571824 0.356221 0 0 0 0 0 0 
8.291244 -4.511538 -2.923424 -0.695407 0.546840 -0.466235 -0.782839 -0.514147 0.350451 0 0 0 0 0 0 
7.905983 -4.518353 -2.655211 -0.414419 -0.046445 -0.908900 -0.785490 -0.487732 0.380949 0 0 0 0 0 0 
7.458857 -4.481525 -2.583641 0.052239 -0.647194 -0.760533 -0.842479 -0.414381 0.344265 0 0 0 0 0 0 
6.983124 -4.539513 -2.651863 0.385458 -0.875507 -0.291393 -0.851387 -0.448604 0.271835 0 0 0 0 0 0 
6.570123 -4.771162 -2.808062 0.602868 -0.751067 0.269163 -0.802095 -0.525708 0.283326 0 0 0 0 0 0 
6.275162 -5.129418 -2.910265 0.577426 -0.410192 0.705919 -0.749511 -0.578264 0.322247 0 0 0 0 0 0 
6.055657 -5.575543 -2.874723 0.402978 0.092111 0.910563 -0.650045 -0.650005 0.393618 0 0 0 0 0 0 
5.942335 -6.018435 -2.659818 0.063849 0.575366 0.815400 -0.616847 -0.607620 0.500297 0 0 0 0 0 0 
5.866083 -6.357175 -2.281985 -0.280566 0.832274 0.478123 -0.510278 -0.559720 0.652939 0 0 0 0 0 0 
5.819379 -6.574204 -1.850969 -0.611088 0.789849 0.052047 -0.556051 -0.496920 0.666242 0 0 0 0 0 0 
5.691161 -6.590823 -1.339057 -0.803630 0.432724 -0.408569 -0.561309 -0.413491 0.716908 0 0 0 0 0 0 
5.411849 -6.532226 -0.939707 -0.712965 -0.019640 -0.700925 -0.662256 -0.355165 0.659754 0 0 0 0 0 0 
4.991764 -6.446097 -0.671830 -0.350886 -0.535053 -0.768503 -0.773744 -0.311207 0.551789 0 0 0 0 0 0 
4.498278 -6.407802 -0.563420 0.010278 -0.833272 -0.552768 -0.796248 -0.353283 0.491101 0 0 0 0 0 0 
4.027703 -6.522810 -0.593015 0.407309 -0.912306 -0.042389 -0.769425 -0.408027 0.491426 0 0 0 0 0 0 
3.645114 -6.794268 -0.613095 0.653016 -0.644307 0.398044 -0.734282 -0.487127 0.472796 0 0 0 0 0 0 
3.365531 -7.214037 -0.545823 0.717324 -0.145200 0.681442 -0.609934 -0.594160 0.524361 0 0 0 0 0 0 
3.231258 -7.662271 -0.399644 0.471085 0.414701 0.778526 -0.553828 -0.540549 0.633310 0 0 0 0 0 0 
3.231806 -8.027265 -0.086064 0.046390 0.797546 0.601472 -0.510408 -0.512959 0.690186 0 0 0 0 0 0 
3.231296 -8.211935 0.363038 -0.350191 0.903181 0.248253 -0.412546 -0.394346 0.821156 0 0 0 0 0 0 
3.177758 -8.248687 0.806053 -0.645785 0.756067 -0.106412 -0.434919 -0.193896 0.879346 0 0 0 0 0 0 
3.059065 -8.079760 1.243044 -0.828779 0.282180 -0.483219 -0.546209 -0.090236 0.832774 0 0 0 0 0 0 
2.853978 -7.823378 1.572409 -0.696725 -0.486751 -0.526923 -0.542177 0.058785 0.838205 0 0 0 0 0 0 
2.573824 -7.631324 1.786429 -0.254634 -0.932528 -0.256033 -0.586108 0.245347 0.772193 0 0 0 0 0 0 
2.234261 -7.567915 1.917867 0.304642 -0.926635 0.220321 -0.572762 0.336857 0.747309 0 0 0 0 0 0 
1.936396 -7.617710 2.093124 0.698941 -0.515548 0.495673 -0.511956 0.367946 0.776220 0 0 0 0 0 0 
1.746168 -7.712737 2.339372 0.802012 0.271364 0.532108 -0.525493 0.382273 0.760082 0 0 0 0 0 0 
1.649364 -7.760017 2.663505 0.511047 0.824329 0.243542 -0.429882 0.478424 0.765710 0 0 0 0 0 0 
1.615375 -7.646313 3.039874 0.206593 0.964575 -0.164054 -0.362617 0.607540 0.706686 0 0 0 0 0 0 
1.602569 -7.396258 3.369828 -0.206465 0.870341 -0.447077 -0.320927 0.735540 0.596646 0 0 0 0 0 0 
1.609623 -6.980880 3.593903 -0.576897 0.569328 -0.585709 -0.281530 0.815739 0.505283 0 0 0 0 0 0 
1.598421 -6.511441 3.690576 -0.890739 0.111687 -0.440579 -0.270137 0.888063 0.371981 0 0 0 0 0 0 
1.479614 -6.027960 3.696157 -0.884306 -0.466174 -0.026181 -0.339953 0.897111 0.282175 0 0 0 0 0 0 
1.240436 -5.623777 3.648179 -0.544636 -0.699381 0.462859 -0.414661 0.867689 0.274174 0 0 0 0 0 0 
0.929446 -5.324382 3.645775 -0.035909 -0.599714 0.799408 -0.460620 0.845168 0.271146 0 0 0 0 0 0 
5.824529 -2.127301 -0.849145 -0.261849 0.876956 0.402968 -0.962937 -0.131076 0.235736 0 0 0 0 0 0 
5.534682 -2.176877 -0.619097 -0.359690 0.919359 -0.159380 -0.974442 -0.026794 0.223038 0 0 0 0 0 0 
5.148359 -2.081318 -0.383617 -0.346549 0.673382 -0.653040 -0.980686 0.087952 0.174701 0 0 0 0 0 0 
4.715045 -1.893480 -0.222834 -0.134045 0.229585 -0.964014 -0.981918 0.169777 0.083743 0 0 0 0 0 0 
4.316019 -1.627510 -0.214920 -0.001703 -0.383794 -0.923417 -0.952236 0.304281 0.025693 0 0 0 0 0 0 
3.962420 -1.353114 -0.293580 0.028701 -0.757829 -0.651822 -0.954355 0.288422 -0.077587 0 0 0 0 0 0 
3.621902 -1.222908 -0.500986 -0.000815 -0.988548 -0.150906 -0.940033 0.243494 -0.238849 0 0 0 0 0 0 
3.336748 -1.163672 -0.758943 -0.148047 -0.906297 0.395864 -0.934212 0.125760 -0.333814 0 0 0 0 0 0 
3.059124 -1.305715 -1.002653 -0.330257 -0.383656 0.862403 -0.964009 0.076457 -0.254639 0 0 0 0 0 0 
2.734077 -1.444340 -1.129512 -0.326796 0.205955 0.922381 -0.988338 0.011823 -0.151818 0 0 0 0 0 0 
2.340372 -1.574822 -1.129113 -0.164602 0.676890 0.717445 -0.997368 0.070187 -0.018205 0 0 0 0 0 0 
1.947609 -1.625316 -0.965241 -0.085657 0.952645 0.291771 -0.991463 0.114815 0.061799 0 0 0 0 0 0 
1.569838 -1.552217 -0.729188 0.004990 0.983856 -0.178893 -0.958893 0.217303 0.182493 0 0 0 0 0 0 
1.229996 -1.331492 -0.507033 0.038271 0.713535 -0.699573 -0.946221 0.303574 0.111842 0 0 0 0 0 0 
0.919214 -1.005484 -0.377948 -0.015543 0.054241 -0.998407 -0.924731 0.364253 0.110417 0 0 0 0 0 0 
0.615194 -0.680893 -0.374524 -0.026625 -0.515702 -0.856354 -0.924219 0.381247 -0.021655 0 0 0 0 0 0 
0.294113 -0.429537 -0.487601 -0.057517 -0.842586 -0.535481 -0.948723 0.309593 -0.063860 0 0 0 0 0 0 
-0.003968 -0.315992 -0.685627 -0.078848 -0.996849 -0.008655 -0.966287 0.252687 -0.049390 0 0 0 0 0 0 
-0.264292 -0.325773 -0.864471 -0.209910 -0.712745 0.669278 -0.977566 0.199423 -0.067794 0 0 0 0 0 0 
-0.000124 0.209313 -0.727262 0.603270 -0.642030 -0.473142 -0.887324 0.193616 -0.418531 0 0 0 0 0 0 
0.056331 0.561376 -0.517115 0.374881 0.927070 -0.002164 -0.908662 0.275831 -0.313451 0 0 0 0 0 0 
4.561184 -3.401506 -5.821101 -0.368339 0.656466 -0.658315 -0.812952 -0.519287 -0.263534 0 0 0 0 0 0 
4.116393 -3.476286 -5.822296 -0.016355 0.362644 -0.931784 -0.845261 -0.399500 -0.354872 0 0 0 0 0 0 
3.672011 -3.404011 -5.977532 0.340081 -0.133655 -0.930850 -0.836210 -0.380809 -0.394636 0 0 0 0 0 0 
3.282700 -3.349047 -6.273350 0.531263 -0.677661 -0.508463 -0.809486 -0.458491 -0.366767 0 0 0 0 0 0 
2.961179 -3.475192 -6.673070 0.589744 -0.801056 0.102523 -0.729277 -0.526862 -0.436544 0 0 0 0 0 0 
2.748132 -3.726307 -7.031561 0.397363 -0.683838 0.611938 -0.645174 -0.642476 -0.413491 0 0 0 0 0 0 
2.701267 -4.097045 -7.313906 0.011663 -0.382868 0.923729 -0.575924 -0.726041 -0.375734 0 0 0 0 0 0 
2.641391 -4.532637 -7.422859 -0.346461 0.017771 0.937896 -0.543311 -0.807868 -0.228391 0 0 0 0 0 0 
2.577518 -5.005732 -7.325452 -0.674429 0.416205 0.609852 -0.549538 -0.832346 -0.072170 0 0 0 0 0 0 
2.411558 -5.384838 -7.068510 -0.799647 0.600261 -0.015849 -0.599079 -0.799295 0.047235 0 0 0 0 0 0 
2.107731 -5.632206 -6.794467 -0.611286 0.498503 -0.614674 -0.676537 -0.733601 0.064234 0 0 0 0 0 0 
1.712570 -5.751914 -6.616205 -0.294086 0.182563 -0.938181 -0.742956 -0.666592 0.060590 0 0 0 0 0 0 
1.262327 -5.866019 -6.633580 0.174718 -0.097404 -0.979789 -0.711743 -0.687427 -0.144453 0 0 0 0 0 0 
0.854139 -5.949937 -6.826055 0.574750 -0.410498 -0.707922 -0.650199 -0.736687 -0.185832 0 0 0 0 0 0 
0.573512 -6.156877 -7.156628 0.810862 -0.572365 -0.122070 -0.597281 -0.762485 -0.248742 0 0 0 0 0 0 
0.419430 -6.440153 -7.526676 0.648805 -0.476711 0.593126 -0.536080 -0.809569 -0.239201 0 0 0 0 0 0 
0.398959 -6.805233 -7.763023 0.140734 -0.207699 0.968016 -0.516634 -0.817056 -0.255944 0 0 0 0 0 0 
0.382504 -7.196603 -7.817926 -0.348739 0.106443 0.931156 -0.487064 -0.857326 -0.166613 0 0 0 0 0 0 
0.368966 -7.545908 -7.695099 -0.811312 0.380243 0.444058 -0.478767 -0.874360 -0.079231 0 0 0 0 0 0 
0.240926 -7.845730 -7.455740 -0.837062 0.456922 -0.300913 -0.530651 -0.847404 -0.017760 0 0 0 0 0 0 
0.908451 -8.308409 -7.858522 0.826535 0.549354 -0.122678 0.180144 -0.430863 0.884254 0 0 0 0 0 0 
1.083090 -8.504162 -7.602347 0.256331 0.833406 0.489622 0.243965 -0.455481 0.856165 0 0 0 0 0 0 
1.306948 -8.613845 -7.300416 -0.617458 0.321392 0.717950 0.302784 -0.505864 0.807728 0 0 0 0 0 0 
1.498638 -8.742343 -6.980929 -0.814815 -0.085980 0.573310 0.331994 -0.410014 0.849511 0 0 0 0 0 0 
1.597275 -8.826846 -6.571953 -0.875072 -0.409665 0.257727 0.253855 -0.391751 0.884358 0 0 0 0 0 0 
1.604190 -8.877654 -6.129395 -0.574225 -0.811005 -0.111968 0.157277 -0.365089 0.917591 0 0 0 0 0 0 
1.530377 -8.972543 -5.665217 -0.030404 -0.900076 -0.434671 0.125425 -0.377594 0.917437 0 0 0 0 0 0 
1.427765 -9.159175 -5.306916 0.563321 -0.721993 -0.401741 0.131366 -0.403240 0.905616 0 0 0 0 0 0 
1.358575 -9.407577 -4.998472 0.914390 -0.323388 -0.243538 0.169247 -0.459232 0.872045 0 0 0 0 0 0 
1.412334 -9.690890 -4.752989 0.986906 0.153090 0.050788 0.166305 -0.467881 0.868004 0 0 0 0 0 0 
1.537912 -9.999946 -4.530447 0.666404 0.633704 0.392842 0.218698 -0.401114 0.889538 0 0 0 0 0 0 
1.766918 -10.212557 -4.249710 0.144214 0.816344 0.559271 0.243721 -0.317471 0.916413 0 0 0 0 0 0 
2.027865 -10.290814 -3.865180 -0.401137 0.791455 0.461181 0.238655 -0.204502 0.949327 0 0 0 0 0 0 
2.241178 -10.257964 -3.436392 -0.831318 0.481983 0.276771 0.191201 -0.157920 0.968764 0 0 0 0 0 0 
2.366788 -10.175192 -2.992246 -0.999535 -0.021997 0.021132 0.139007 -0.093042 0.985911 0 0 0 0 0 0 
2.359650 -10.063882 -2.618215 -0.741519 -0.668655 -0.055231 0.059596 -0.035945 0.997575 0 0 0 0 0 0 
2.257166 -9.975645 -2.207127 -0.323254 -0.944875 -0.052130 -0.015054 0.013076 0.999801 0 0 0 0 0 0 
2.105119 -9.967046 -1.880920 0.249763 -0.961832 0.111796 0.015959 0.036257 0.999215 0 0 0 0 0 0 
2.009347 -10.032183 -1.511149 0.681666 -0.729609 0.054800 0.089525 -0.049300 0.994764 0 0 0 0 0 0 
1.959869 -10.232768 -1.189796 0.966821 -0.134750 0.217024 0.046474 -0.036112 0.998267 0 0 0 0 0 0 
2.037280 -10.419000 -0.789943 0.828024 0.552156 0.097473 0.084840 0.063202 0.994388 0 0 0 0 0 0 
2.228516 -10.476277 -0.365415 0.400376 0.911272 -0.096348 0.159339 0.100322 0.982113 0 0 0 0 0 0 
2.430207 -10.449790 0.072563 -0.175432 0.937357 -0.300973 0.089746 0.147486 0.984984 0 0 0 0 0 0 
2.606049 -10.292661 0.451768 -0.730817 0.590102 -0.343054 0.105185 0.236984 0.965803 0 0 0 0 0 0 
2.694769 -10.018970 0.794416 -0.938895 0.202425 -0.278387 0.057411 0.396594 0.916197 0 0 0 0 0 0 
2.673570 -9.706778 1.040487 -0.920629 -0.390107 -0.016117 -0.042634 0.466300 0.883599 0 0 0 0 0 0 
2.518412 -9.433157 1.270073 -0.611928 -0.734113 0.294316 -0.183278 0.463541 0.866914 0 0 0 0 0 0 
2.278573 -9.221577 1.467398 -0.018793 -0.816691 0.576769 -0.274665 0.436563 0.856721 0 0 0 0 0 0 
2.063610 -9.103101 1.712164 0.440317 -0.540389 0.717008 -0.294952 0.350003 0.889101 0 0 0 0 0 0 
1.973980 -8.908924 1.343307 0.612831 0.312339 0.725867 -0.278021 0.292876 0.914838 0 0 0 0 0 0 
2.135698 -8.198696 1.031481 0.731905 0.394608 0.555518 0.487540 0.276699 -0.828096 0 0 0 0 0 0 
2.287359 -7.863208 0.790373 0.845010 -0.186328 0.501238 0.543980 0.373337 -0.751469 0 0 0 0 0 0 
2.528388 -7.500332 0.680380 0.654382 -0.747122 0.116593 0.602958 0.451280 -0.657866 0 0 0 0 0 0 
2.903919 -7.241357 0.650310 0.293968 -0.924392 -0.243069 0.681772 0.406383 -0.608309 0 0 0 0 0 0 
3.334795 -7.143001 0.613876 -0.117089 -0.769600 -0.627699 0.744980 0.353967 -0.565430 0 0 0 0 0 0 
3.758764 -7.209669 0.477548 -0.472872 -0.393330 -0.788469 0.729804 0.259570 -0.632463 0 0 0 0 0 0 
4.102709 -7.348685 0.210538 -0.670726 0.139472 -0.728474 0.710754 0.221411 -0.667686 0 0 0 0 0 0 
4.367874 -7.504362 -0.179250 -0.677578 0.627393 -0.383753 0.607941 0.237603 -0.757597 0 0 0 0 0 0 
4.472221 -7.538787 -0.665269 -0.374828 0.923980 0.075923 0.595458 0.328260 -0.733263 0 0 0 0 0 0 
4.535504 -7.367608 -1.152374 -0.035765 0.849535 0.526318 0.545067 0.463219 -0.698806 0 0 0 0 0 0 
4.571695 -7.035193 -1.518676 0.394808 0.529913 0.750546 0.516230 0.580652 -0.629563 0 0 0 0 0 0 
4.609896 -6.571127 -1.720159 0.733462 0.023722 0.679316 0.522066 0.616885 -0.588981 0 0 0 0 0 0 
4.806636 -6.090202 -1.815862 0.788235 -0.428793 0.441387 0.592858 0.651383 -0.473518 0 0 0 0 0 0 
5.131282 -5.683017 -1.796770 0.618525 -0.785733 -0.007141 0.711159 0.606895 -0.354868 0 0 0 0 0 0 
5.561429 -5.430882 -1.760555 0.288262 -0.851310 -0.438378 0.797896 0.479732 -0.364992 0 0 0 0 0 0 
6.047135 -5.413157 -1.761133 -0.124050 -0.536707 -0.834600 0.851629 0.384361 -0.356365 0 0 0 0 0 0 
6.511183 -5.502522 -1.862941 -0.417739 -0.046158 -0.907394 0.831558 0.352341 -0.429381 0 0 0 0 0 0 
6.905596 -5.562521 -2.129467 -0.593912 0.347336 -0.725690 0.787382 0.325789 -0.523346 0 0 0 0 0 0 
7.209461 -5.602546 -2.526708 -0.586200 0.769313 -0.254019 0.738228 0.390027 -0.550362 0 0 0 0 0 0 
7.388760 -5.485961 -2.981629 -0.358837 0.886585 0.291896 0.669017 0.435517 -0.602280 0 0 0 0 0 0 
7.509262 -5.209315 -3.360552 -0.024776 0.671766 0.740349 0.633690 0.524668 -0.568472 0 0 0 0 0 0 
7.598407 -4.806587 -3.588822 0.345245 0.200006 0.916953 0.681434 0.559435 -0.471890 0 0 0 0 0 0 
7.747834 -4.450644 -3.663317 0.632021 -0.351927 0.690432 0.691030 0.621404 -0.369236 0 0 0 0 0 0 
7.359231 -4.224494 -3.317584 0.566534 -0.257795 0.782675 0.721450 0.623920 -0.300391 0 0 0 0 0 0 
7.567953 -3.876173 -3.294162 0.650599 -0.660961 0.373966 0.790729 0.582189 -0.189216 0 0 0 0 0 0 
7.885858 -3.648124 -3.131050 0.674598 -0.728958 -0.116352 0.812571 0.577790 -0.076726 0 0 0 0 0 0 
8.236774 -3.514441 -2.990790 0.541420 -0.634176 -0.551983 0.879185 0.474722 -0.040911 0 0 0 0 0 0 
8.659263 -3.512626 -2.915340 0.212366 -0.219969 -0.952111 0.898325 0.429649 -0.091726 0 0 0 0 0 0 
8.323889 -2.591190 -2.401097 0.679396 0.733554 -0.017879 -0.662186 0.471430 -0.582464 0 0 0 0 0 0 
8.097798 -2.355804 -2.464614 0.963298 -0.122479 -0.238864 -0.649939 0.575061 -0.496875 0 0 0 0 0 0 
8.022661 -2.132480 -2.572228 0.772071 -0.578079 -0.264066 -0.548480 0.539780 -0.638597 0 0 0 0 0 0 
8.065594 -1.984769 -2.714334 0.074012 -0.973915 -0.214502 -0.600038 0.377561 -0.705267 0 0 0 0 0 0 
8.078142 -1.974221 -2.953657 -0.658520 -0.746277 0.097069 -0.597013 0.300258 -0.743923 0 0 0 0 0 0 
8.033465 -1.441090 -3.308474 0.093872 0.236334 -0.967127 0.954370 -0.051185 0.294208 0 0 0 0 0 0 
8.566241 -0.975749 -3.451340 0.495322 -0.688461 -0.529790 -0.825457 -0.299390 -0.478526 0 0 0 0 0 0 
8.374007 -1.023742 -3.754506 0.095509 -0.978267 0.184040 -0.870654 -0.191613 -0.453042 0 0 0 0 0 0 
8.108065 -1.212917 -4.039647 -0.121341 -0.395610 0.910367 -0.921593 -0.145665 -0.359788 0 0 0 0 0 0 
7.821772 -1.448515 -4.174994 -0.253242 0.406964 0.877638 -0.900786 -0.177092 -0.396513 0 0 0 0 0 0 
7.532955 -1.657553 -4.133145 -0.355511 0.924701 0.136164 -0.863729 -0.247293 -0.439111 0 0 0 0 0 0 
7.160188 -1.674202 -4.080703 -0.120820 0.680959 -0.722286 -0.864314 -0.301720 -0.402402 0 0 0 0 0 0 
6.725530 -1.634135 -4.176247 0.246242 0.221829 -0.943481 -0.826066 -0.253670 -0.503256 0 0 0 0 0 0 
6.362952 -1.536719 -4.400320 0.474612 -0.332441 -0.815001 -0.775616 -0.257483 -0.576300 0 0 0 0 0 0 
6.032503 -1.501328 -4.762712 0.541652 -0.775192 -0.325101 -0.748353 -0.357524 -0.558699 0 0 0 0 0 0 
5.781077 -1.588628 -5.195482 0.469369 -0.866875 0.167991 -0.692374 -0.422007 -0.585260 0 0 0 0 0 0 
5.633747 -1.790511 -5.588220 0.180175 -0.739141 0.649005 -0.640234 -0.473987 -0.604513 0 0 0 0 0 0 
5.546670 -2.085383 -5.910986 -0.187763 -0.426712 0.884682 -0.617445 -0.558427 -0.554004 0 0 0 0 0 0 
5.434081 -2.481119 -6.090254 -0.519267 0.014050 0.854496 -0.630456 -0.641433 -0.437136 0 0 0 0 0 0 
5.293472 -2.870739 -6.123409 -0.750101 0.445073 0.489141 -0.638876 -0.694615 -0.330676 0 0 0 0 0 0 
5.029470 -3.204660 -6.027565 -0.710332 0.702434 -0.044889 -0.757312 -0.606796 -0.241407 0 0 0 0 0 0 
