t = 0
b = 22.5 22.5 22.5
E = 0 0 0
-5.9296784 2.640761 1.2212962 -0.42415289422496677 0.8781073520826845 -0.22140867313391427 0.0 -0.22140867313391427 -0.8781073520826845 0.0 0.0 0.0 0.0 0.0 0.0
-5.5063396 2.786335 1.2676685 0.325580749902784 0.9394745827606619 0.10669903298259603 0.0 0.10669903298259603 -0.9394745827606619 0.0 0.0 0.0 0.0 0.0 0.0
-5.2930264 2.4034986 1.1894811 0.06908466474306725 -0.9974645789836742 0.017079893742629443 -0.0 0.017079893742629443 0.9974645789836742 0.0 0.0 0.0 0.0 0.0 0.0
-5.478516 2.3749707 0.7841042 -0.6739228691194267 -0.6607398916325048 0.3305310304393616 -0.0 0.3305310304393616 0.6607398916325048 0.0 0.0 0.0 0.0 0.0 0.0
-5.371918 2.8024187 0.70192534 -0.5756633922088201 0.7780256900914936 0.2515704363161327 0.0 0.2515704363161327 -0.7780256900914936 0.0 0.0 0.0 0.0 0.0 0.0
-4.940831 2.7472413 0.79772246 0.3145937620685248 0.48980188588961776 0.8130958599369119 0.0 0.8130958599369119 -0.48980188588961776 0.0 0.0 0.0 0.0 0.0 0.0
-4.951045 2.3736794 0.5545903 -0.4107429970294335 -0.7908177869157472 -0.45375920738752906 0.0 -0.45375920738752906 0.7908177869157472 0.0 0.0 0.0 0.0 0.0 0.0
-5.1303124 2.5926275 0.21143463 -0.6743209277309936 0.5807136524056816 -0.45613916772588764 0.0 -0.45613916772588764 -0.5807136524056816 0.0 0.0 0.0 0.0 0.0 0.0
-4.8842454 2.9675982 0.21014324 -0.7447036686534197 0.6648307057527346 0.058451506246276916 0.0 0.058451506246276916 -0.6648307057527346 0.0 0.0 0.0 0.0 0.0 0.0
-4.496126 2.7994838 0.3634656 0.04037571079902725 -0.7385852086273338 -0.6729499918823025 0.0 -0.6729499918823025 0.7385852086273338 0.0 0.0 0.0 0.0 0.0 0.0
-4.3266025 3.190538 0.49002117 0.08518039662923808 0.8482790413480987 -0.5226537745387826 0.0 -0.5226537745387826 -0.8482790413480987 0.0 0.0 0.0 0.0 0.0 0.0
-4.3988028 3.4846208 0.8197934 0.4450111973074256 -0.11268256815255291 0.888407380150321 -0.0 0.888407380150321 0.11268256815255291 0.0 0.0 0.0 0.0 0.0 0.0
-4.2210617 3.8976288 0.80500114 -0.6134492099750599 0.2741975735249981 0.7406049942134999 0.0 0.7406049942134999 -0.2741975735249981 0.0 0.0 0.0 0.0 0.0 0.0
-4.037215 3.9884949 1.2008687 0.9589200192682876 -0.11704438434550145 0.2584047382299507 -0.0 0.2584047382299507 0.11704438434550145 0.0 0.0 0.0 0.0 0.0 0.0
-4.105541 4.427096 1.2205917 -0.660876668795566 0.7504934740036041 -0.0012546392619094708 0.0 -0.0012546392619094708 -0.7504934740036041 0.0 0.0 0.0 0.0 0.0 0.0
-3.819911 4.672576 1.4597324 0.43903370653073504 -0.7640334797677745 0.47276024190262694 -0.0 0.47276024190262694 0.7640334797677745 0.0 0.0 0.0 0.0 0.0 0.0
-3.8258982 5.120216 1.4166471 -0.35489275056781144 0.11028762282303793 0.9283791121338613 0.0 0.9283791121338613 -0.11028762282303793 0.0 0.0 0.0 0.0 0.0 0.0
-3.74278 5.4874387 1.6513267 0.9463735043145394 0.213196624231228 -0.24274346489211007 0.0 -0.24274346489211007 -0.213196624231228 0.0 0.0 0.0 0.0 0.0 0.0
-4.1374736 5.687016 1.6143461 -0.19241261729419876 -0.11967177139120508 -0.9739897596166437 0.0 -0.9739897596166437 0.11967177139120508 0.0 0.0 0.0 0.0 0.0 0.0
-4.5664477 5.6053066 1.5568209 -0.9283066170083435 0.36655129152147614 -0.06234561333776872 0.0 -0.06234561333776872 -0.36655129152147614 0.0 0.0 0.0 0.0 0.0 0.0
-4.54602 5.8147454 1.1600142 0.2526954876157106 0.7928405340524559 -0.5545708954697091 0.0 -0.5545708954697091 -0.7928405340524559 0.0 0.0 0.0 0.0 0.0 0.0
-4.197582 5.5726695 1.0171402 0.8704622171695707 -0.4096799568686504 0.2728696784553679 -0.0 0.2728696784553679 0.4096799568686504 0.0 0.0 0.0 0.0 0.0 0.0
-4.383306 5.1880727 1.1522658 -0.8783901418855943 -0.11225551871897715 -0.4645744904268194 0.0 -0.4645744904268194 0.11225551871897715 0.0 0.0 0.0 0.0 0.0 0.0
-4.7634425 5.2768254 0.9333177 -0.6486714784384745 0.7014338963825723 0.29532321626652863 0.0 0.29532321626652863 -0.7014338963825723 0.0 0.0 0.0 0.0 0.0 0.0
-4.5453157 5.382837 0.5597558 0.575805667261447 0.8149041719250568 -0.06617419533879886 0.0 -0.06617419533879886 -0.8149041719250568 0.0 0.0 0.0 0.0 0.0 0.0
-4.308171 5.0044613 0.575135 0.8673414421533776 -0.0010051931105432667 0.4977125800199445 -0.0 0.4977125800199445 0.0010051931105432667 0.0 0.0 0.0 0.0 0.0 0.0
-4.668584 4.7500587 0.6633012 -0.5939359780958506 0.13062351969538818 -0.7938372314433948 0.0 -0.7938372314433948 -0.13062351969538818 0.0 0.0 0.0 0.0 0.0 0.0
-4.8700404 4.927918 0.31004933 -0.36457444728367816 0.6101497717810955 -0.7034221551694813 0.0 -0.7034221551694813 -0.6101497717810955 0.0 0.0 0.0 0.0 0.0 0.0
-4.509157 4.8584175 0.04813337 0.2248205941837352 -0.9743453006386166 -0.010340964863891994 0.0 -0.010340964863891994 0.9743453006386166 0.0 0.0 0.0 0.0 0.0 0.0
-4.453745 4.4302654 0.16975817 -0.20511483619317522 -0.6639320183909863 0.7191120767507094 -0.0 0.7191120767507094 0.6639320183909863 0.0 0.0 0.0 0.0 0.0 0.0
-4.8851843 4.357596 0.09098381 -0.9879179723169422 -0.08746271137040942 -0.12793886857760653 0.0 -0.12793886857760653 0.08746271137040942 0.0 0.0 0.0 0.0 0.0 0.0
-4.874384 4.5513034 -0.31427568 0.08043171716361418 0.9963851035196398 -0.027339794407950518 0.0 -0.027339794407950518 -0.9963851035196398 0.0 0.0 0.0 0.0 0.0 0.0
-4.527706 4.2861 -0.4106598 -0.34609525256126644 -0.9341024646486209 0.08758231380778475 -0.0 0.08758231380778475 0.9341024646486209 0.0 0.0 0.0 0.0 0.0 0.0
-4.7627378 3.917117 -0.3193238 0.10416086368732058 -0.4242989627682752 0.8995114811216571 -0.0 0.8995114811216571 0.4242989627682752 0.0 0.0 0.0 0.0 0.0 0.0
-4.676098 3.8395162 0.11822025 0.49358697651800065 0.48027992374863754 0.7250538541762409 0.0 0.7250538541762409 -0.48027992374863754 0.0 0.0 0.0 0.0 0.0 0.0
-5.0707912 3.7911482 0.3281287 -0.6157916860415427 -0.2663565964179469 -0.7415219234431044 0.0 -0.7415219234431044 0.2663565964179469 0.0 0.0 0.0 0.0 0.0 0.0
-4.9211082 3.6571968 0.72998357 0.18029950470677478 -0.9836085733153358 0.0025026192402009266 -0.0 0.0025026192402009266 0.9836085733153358 0.0 0.0 0.0 0.0 0.0 0.0
-4.7676687 4.0081005 0.9552711 -0.4884629892803822 0.812922052387168 -0.3171145610751862 0.0 -0.3171145610751862 -0.812922052387168 0.0 0.0 0.0 0.0 0.0 0.0
-4.612468 4.007279 1.3725053 0.7803461520728057 -0.47990664077827816 0.4009357792490893 -0.0 0.4009357792490893 0.47990664077827816 0.0 0.0 0.0 0.0 0.0 0.0
-4.589223 4.412656 1.5656258 -0.7883086510161578 0.6105106911262693 0.07646022988201426 0.0 0.07646022988201426 -0.6105106911262693 0.0 0.0 0.0 0.0 0.0 0.0
-4.2674336 4.3685136 1.8703921 0.7434368331943311 0.5955336938537895 -0.30437032466199 0.0 -0.30437032466199004 -0.5955336938537896 0.0 0.0 0.0 0.0 0.0 0.0
-4.2947874 4.5579953 2.2752995 -0.8779046229005409 -0.08031079317760582 0.47205259197365174 -0.0 0.47205259197365174 0.08031079317760582 0.0 0.0 0.0 0.0 0.0 0.0
-3.9009159 4.7485323 2.2074432 0.6720437186727807 -0.15879889591714247 -0.7232842807969471 0.0 -0.7232842807969471 0.15879889591714247 0.0 0.0 0.0 0.0 0.0 0.0
-4.141935 5.033224 1.9553885 -0.951214410700926 -0.13280271144156192 -0.27848623791609395 0.0 -0.27848623791609395 0.13280271144156192 0.0 0.0 0.0 0.0 0.0 0.0
-4.261916 5.3904676 2.2045083 0.2078964334928028 0.24311230930985417 -0.9474573752961145 0.0 -0.9474573752961145 -0.24311230930985417 0.0 0.0 0.0 0.0 0.0 0.0
-4.707678 5.362996 2.2788215 -0.2154838220360976 0.9764108544107101 0.013731927383388732 0.0 0.013731927383388732 -0.9764108544107101 0.0 0.0 0.0 0.0 0.0 0.0
-4.724583 4.973938 2.0581124 -0.9022624004658064 -0.4267702220329239 0.06156085031616998 -0.0 0.06156085031616998 0.4267702220329239 0.0 0.0 0.0 0.0 0.0 0.0
-5.145692 4.9157085 2.1954687 -0.2103245789417203 0.6573201461065211 0.7236669102670715 0.0 0.7236669102670715 -0.6573201461065211 0.0 0.0 0.0 0.0 0.0 0.0
-5.2576895 5.302184 2.0027003 0.19100693530968219 0.8977995516418723 -0.3968278162317455 0.0 -0.3968278162317455 -0.8977995516418723 0.0 0.0 0.0 0.0 0.0 0.0
-5.0679736 5.154379 1.6253816 0.5794327856432946 -0.629171815244087 -0.5180738111737673 0.0 -0.5180738111737673 0.629171815244087 0.0 0.0 0.0 0.0 0.0 0.0
-5.3106365 4.7785864 1.6326603 -0.028091399692676825 -0.8241023172139136 0.5657439739192673 -0.0 0.5657439739192673 0.8241023172139136 0.0 0.0 0.0 0.0 0.0 0.0
-5.689364 5.009744 1.7009861 -0.5632884250758756 0.5624634070792169 0.6052611550994981 0.0 0.6052611550994981 -0.5624634070792169 0.0 0.0 0.0 0.0 0.0 0.0
-5.592158 5.298075 1.3695704 0.4829606049330246 0.8339200228097452 0.26707012120362894 0.0 0.26707012120362894 -0.8339200228097452 0.0 0.0 0.0 0.0 0.0 0.0
-5.504696 4.9585586 1.0842922 0.9182697665086136 -0.37460376689269115 -0.1282678983457001 0.0 -0.1282678983457001 0.37460376689269115 0.0 0.0 0.0 0.0 0.0 0.0
-5.926626 4.8159194 1.0993191 -0.6803864868890671 0.5848343237234653 -0.441636776382663 0.0 -0.441636776382663 -0.5848343237234653 0.0 0.0 0.0 0.0 0.0 0.0
-5.9633718 4.9661894 0.67527586 0.8320785534451959 0.4171564202765345 -0.3655486314002798 0.0 -0.3655486314002798 -0.4171564202765345 0.0 0.0 0.0 0.0 0.0 0.0
-5.6530876 4.666354 0.54707676 0.9844101880754417 -0.12062601398807456 -0.1280076027532055 0.0 -0.1280076027532055 0.12062601398807456 0.0 0.0 0.0 0.0 0.0 0.0
-5.8864756 4.3338814 0.73350555 -0.19188920348958355 -0.10835282640329975 0.9754169357739026 -0.0 0.9754169357739026 0.10835282640329975 0.0 0.0 0.0 0.0 0.0 0.0
-6.2358537 4.45128 0.472294 -0.5173255584700454 0.841066258213724 0.15805636921054814 0.0 0.15805636921054814 -0.841066258213724 0.0 0.0 0.0 0.0 0.0 0.0
-5.9786334 4.3730927 0.11904203 0.600871231792237 0.7585484597427904 -0.25210711419220266 0.0 -0.25210711419220266 -0.7585484597427904 0.0 0.0 0.0 0.0 0.0 0.0
-5.843743 3.9684203 0.24853253 0.7362634955349892 -0.07382624692178616 0.6726557443507359 -0.0 0.6726557443507359 0.07382624692178616 0.0 0.0 0.0 0.0 0.0 0.0
-5.4983563 4.051773 0.5250059 -0.6876722992346517 0.09058048808876364 0.7203485156803817 0.0 0.7203485156803817 -0.09058048808876364 0.0 0.0 0.0 0.0 0.0 0.0
-5.4549193 3.8085232 0.89762855 0.3439707938005091 -0.9153552534894465 -0.2093056447435634 0.0 -0.2093056447435634 0.9153552534894465 0.0 0.0 0.0 0.0 0.0 0.0
-5.288331 4.080418 1.208617 -0.3510078564097493 0.9353539143376599 0.04366394017780066 0.0 0.04366394017780066 -0.9353539143376599 0.0 0.0 0.0 0.0 0.0 0.0
-5.109181 3.9205215 1.5835878 0.5848477356127693 0.804103835745912 -0.10663089368155772 0.0 -0.10663089368155772 -0.804103835745912 0.0 0.0 0.0 0.0 0.0 0.0
-4.826368 4.0442595 1.9036158 0.167353542405731 -0.9367263176092036 0.3074680434493232 -0.0 0.3074680434493232 0.9367263176092036 0.0 0.0 0.0 0.0 0.0 0.0
-4.405142 3.9249825 1.9708852 -0.03408117639893945 0.7608612278921549 0.6480190315922107 0.0 0.6480190315922107 -0.7608612278921549 0.0 0.0 0.0 0.0 0.0 0.0
-4.092158 3.9792206 2.2882135 0.4565745678266094 0.8803966404520909 0.128224098728035 0.0 0.128224098728035 -0.8803966404520909 0.0 0.0 0.0 0.0 0.0 0.0
-4.408429 3.9177036 2.5976758 -0.6590076630583168 -0.7474219226119744 0.08407954346590903 -0.0 0.08407954346590903 0.7474219226119744 0.0 0.0 0.0 0.0 0.0 0.0
-4.1955857 3.8605306 2.989082 0.6462206386638676 0.6598543470184437 0.383394218638892 0.0 0.383394218638892 -0.6598543470184437 0.0 0.0 0.0 0.0 0.0 0.0
-4.525358 3.9373093 3.282226 -0.5325129599225118 0.7077261030385678 -0.4642776223257029 0.0 -0.4642776223257029 -0.7077261030385678 0.0 0.0 0.0 0.0 0.0 0.0
-4.9564457 3.8449168 3.3224938 -0.8465270441919487 -0.16768385253928444 0.5052465626297976 -0.0 0.5052465626297976 0.16768385253928444 0.0 0.0 0.0 0.0 0.0 0.0
-5.028058 4.2891526 3.3553655 -0.37251127890910757 0.9246476500298461 -0.07913324446643459 0.0 -0.07913324446643459 -0.9246476500298461 0.0 0.0 0.0 0.0 0.0 0.0
-4.867692 4.344447 2.941301 0.970084364054064 -0.04640917652457129 -0.23829082011721198 0.0 -0.23829082011721198 0.04640917652457129 0.0 0.0 0.0 0.0 0.0 0.0
-5.0941534 3.980747 2.8045318 -0.8262109088543624 -0.5627815055323121 -0.02554429722722442 0.0 -0.02554429722722442 0.5627815055323121 0.0 0.0 0.0 0.0 0.0 0.0
-5.47065 4.1566095 2.960202 -0.42858260873212 0.12441574158350127 0.8948953406620228 0.0 0.8948953406620228 -0.12441574158350127 0.0 0.0 0.0 0.0 0.0 0.0
-5.397629 4.548838 2.756516 0.4500287966091164 0.7895822074353505 0.41717384856204726 0.0 0.41717384856204726 -0.7895822074353505 0.0 0.0 0.0 0.0 0.0 0.0
-5.3028884 4.32672 2.3766146 -0.8345670859080425 -0.49376020490786693 -0.2443330496848497 0.0 -0.24433304968484973 0.493760204907867 0.0 0.0 0.0 0.0 0.0 0.0
-5.6737494 4.080066 2.3874152 -0.6731475851938526 -0.6208155477667731 0.40182133367795 -0.0 0.40182133367795 0.6208155477667731 0.0 0.0 0.0 0.0 0.0 0.0
-5.9435315 4.4161777 2.5079834 -0.06382817629137026 0.3483605153800372 0.935184963114502 0.0 0.935184963114502 -0.3483605153800372 0.0 0.0 0.0 0.0 0.0 0.0
-5.777178 4.658018 2.1695237 0.7020312497371696 -0.3048290802484853 -0.6436080765709288 0.0 -0.6436080765709288 0.3048290802484853 0.0 0.0 0.0 0.0 0.0 0.0
-5.86734 4.3384595 1.8674572 0.732588728068633 -0.6103233760759129 -0.3013621278828551 0.0 -0.3013621278828551 0.6103233760759129 0.0 0.0 0.0 0.0 0.0 0.0
-5.509275 4.062926 1.8457384 -0.5754033978047874 -0.6436166069771695 0.5046469984235529 -0.0 0.5046469984235529 0.6436166069771695 0.0 0.0 0.0 0.0 0.0 0.0
-5.620451 3.6843157 1.6306645 -0.2569684894122289 0.17617778855681798 -0.9502255428415016 0.0 -0.9502255428415016 -0.17617778855681798 0.0 0.0 0.0 0.0 0.0 0.0
-5.274947 3.4490492 1.7876263 0.6366178918900885 0.2806911515346674 -0.718282769649643 0.0 -0.718282769649643 -0.2806911515346674 0.0 0.0 0.0 0.0 0.0 0.0
-4.956328 3.5046961 2.101902 -0.30112773783948665 -0.05162288973209137 0.9521854665764342 -0.0 0.9521854665764342 0.05162288973209137 0.0 0.0 0.0 0.0 0.0 0.0
-4.5217185 3.4054945 2.0602255 0.5858451936835215 0.544857287865732 -0.5999299499920937 0.0 -0.5999299499920937 -0.544857287865732 0.0 0.0 0.0 0.0 0.0 0.0
-4.200516 3.4312046 2.3689835 0.20750180714990962 -0.9707929023617082 0.12043313810431346 -0.0 0.12043313810431346 0.9707929023617082 0.0 0.0 0.0 0.0 0.0 0.0
-3.7580419 3.3736794 2.3403385 0.02874770972065365 0.4764561327073485 0.8787281279163509 0.0 0.8787281279163509 -0.4764561327073485 0.0 0.0 0.0 0.0 0.0 0.0
-3.7723644 3.0893404 2.6850202 -0.5532938322130522 0.5906699204383242 0.5873457076751124 0.0 0.5873457076751124 -0.5906699204383242 0.0 0.0 0.0 0.0 0.0 0.0
-4.0470767 2.7916179 2.8687487 -0.18908185288734716 -0.8412459582678448 0.5065108988034743 -0.0 0.5065108988034743 0.8412459582678448 0.0 0.0 0.0 0.0 0.0 0.0
-4.3186193 2.9821556 3.1640058 -0.5192656970778067 0.8272788126559795 0.21441292397803963 0.0 0.21441292397803963 -0.8272788126559795 0.0 0.0 0.0 0.0 0.0 0.0
-4.621977 2.7245834 3.3828366 -0.3365157927712736 -0.5461801501272828 0.7671012741629754 -0.0 0.7671012741629754 0.5461801501272828 0.0 0.0 0.0 0.0 0.0 0.0
-4.839869 3.0893404 3.525593 0.7772461018983714 0.1978021062554528 0.597296261368421 0.0 0.597296261368421 -0.1978021062554528 0.0 0.0 0.0 0.0 0.0 0.0
-4.8963375 3.2491198 3.1118808 0.5765702288743726 0.3795158867853191 -0.7235568138393188 0.0 -0.7235568138393188 -0.3795158867853191 0.0 0.0 0.0 0.0 0.0 0.0
-5.010214 2.8372858 2.9785163 -0.5493595072688324 -0.7872306024347564 0.2801287389104452 -0.0 0.2801287389104452 0.7872306024347564 0.0 0.0 0.0 0.0 0.0 0.0
-5.3305945 2.8213196 3.293027 0.2307343856562869 -0.2447464394229934 0.9417328833940031 -0.0 0.9417328833940031 0.2447464394229934 0.0 0.0 0.0 0.0 0.0 0.0
-5.47652 3.2323315 3.1886597 -0.24692554117563476 0.919157907064097 -0.30688193005888886 0.0 -0.30688193005888886 -0.919157907064097 0.0 0.0 0.0 0.0 0.0 0.0
-5.5054007 3.1324255 2.7581594 0.3421616544618558 -0.43574316909691846 -0.8324982239027902 0.0 -0.8324982239027902 0.43574316909691846 0.0 0.0 0.0 0.0 0.0 0.0
-5.733975 2.757807 2.8480866 0.3533698191701522 -0.901630555756995 0.2493834634152519 -0.0 0.2493834634152519 0.901630555756995 0.0 0.0 0.0 0.0 0.0 0.0
-6.0224233 2.985795 3.09838 -0.11555466720245482 0.7212477366261675 0.6829705859693816 0.0 0.6829705859693816 -0.7212477366261675 0.0 0.0 0.0 0.0 0.0 0.0
-6.0859356 3.2673163 2.7533462 0.046619796002402424 0.9061645629592043 0.4203479266722373 0.0 0.4203479266722373 -0.9061645629592043 0.0 0.0 0.0 0.0 0.0 0.0
-6.0825315 2.9438837 2.4361355 0.4169828797028553 0.5833953829114468 -0.6969756848214438 0.0 -0.6969756848214438 -0.5833953829114468 0.0 0.0 0.0 0.0 0.0 0.0
-5.7461843 3.1521485 2.2248182 0.691643602403079 0.614843281622401 0.37894177164663245 0.0 0.37894177164663245 -0.614843281622401 0.0 0.0 0.0 0.0 0.0 0.0
-5.416295 2.9339046 2.012327 0.7150405072706854 -0.32554908724280485 -0.6186556916067755 0.0 -0.6186556916067755 0.32554908724280485 0.0 0.0 0.0 0.0 0.0 0.0
-5.0267673 2.9637241 2.2293966 0.6958497587899456 -0.01699508574222891 0.7179862674540431 -0.0 0.7179862674540431 0.01699508574222891 0.0 0.0 0.0 0.0 0.0 0.0
-4.640174 2.8518434 2.0471942 0.5904579095481012 0.3189864928188849 -0.7413548910280379 0.0 -0.7413548910280379 -0.3189864928188849 0.0 0.0 0.0 0.0 0.0 0.0
-4.3219066 2.8350554 2.3560696 -0.21825421182318405 -0.9351790785212998 -0.2789358172008275 0.0 -0.2789358172008275 0.9351790785212998 0.0 0.0 0.0 0.0 0.0 0.0
-3.890937 2.850317 2.2514677 0.08845869243821423 -0.3812678212362804 0.9202227492416504 -0.0 0.9202227492416504 0.3812678212362804 0.0 0.0 0.0 0.0 0.0 0.0
-3.613759 2.5139706 2.3637006 -0.24177634544432658 -0.6584816668911807 -0.7127033696789976 0.0 -0.7127033696789976 0.6584816668911807 0.0 0.0 0.0 0.0 0.0 0.0
-3.1870158 2.4196997 2.2970183 0.9641669107151101 0.23380254931985686 0.12537358658671638 0.0 0.12537358658671638 -0.23380254931985686 0.0 0.0 0.0 0.0 0.0 0.0
-3.131134 2.0273538 2.5054004 -0.3972611065328159 0.1782503413739883 0.9002279872545506 0.0 0.9002279872545506 -0.1782503413739883 0.0 0.0 0.0 0.0 0.0 0.0
-3.3268373 1.625499 2.5408547 0.9451041432360309 -0.22419638587377586 0.23772702622803552 -0.0 0.23772702622803552 0.22419638587377586 0.0 0.0 0.0 0.0 0.0 0.0
-3.4330828 1.7036865 2.961611 0.08044989887218076 0.3746597355522834 0.9236654677573202 0.0 0.9236654677573202 -0.3746597355522834 0.0 0.0 0.0 0.0 0.0 0.0
-3.6364172 2.0893402 2.8480866 0.6098351537801812 0.7809222456465874 -0.1351352339998491 0.0 -0.1351352339998491 -0.7809222456465874 0.0 0.0 0.0 0.0 0.0 0.0
-3.8309462 1.8675746 2.5109181 -0.10828378379744304 -0.8061789569684051 -0.581678701267154 0.0 -0.581678701267154 0.8061789569684051 0.0 0.0 0.0 0.0 0.0 0.0
-3.997887 1.5525947 2.777765 -0.030713211954596017 -0.6533351036033525 0.7564455968614192 -0.0 0.7564455968614192 0.6533351036033525 0.0 0.0 0.0 0.0 0.0 0.0
-4.139352 1.8526651 3.0764265 0.7396355641506895 0.5024186382277207 0.44778872719720636 0.0 0.44778872719720636 -0.5024186382277207 0.0 0.0 0.0 0.0 0.0 0.0
-4.3513737 2.0678566 2.7398453 -0.5917765947644941 -0.6651908503302307 -0.45532581139870004 0.0 -0.45532581139870004 0.6651908503302307 0.0 0.0 0.0 0.0 0.0 0.0
-4.5297017 1.6841983 2.5898101 0.3066050000684392 -0.8736258311646956 -0.3778508714490774 0.0 -0.3778508714490774 0.8736258311646956 0.0 0.0 0.0 0.0 0.0 0.0
-4.679737 1.5915709 2.9991784 0.5491047238529332 -0.5945135918276896 0.5873990052549742 -0.0 0.5873990052549742 0.5945135918276896 0.0 0.0 0.0 0.0 0.0 0.0
-4.8919935 1.9875559 2.9982393 0.400736071270358 0.8544423330811283 0.3306643322489997 0.0 0.3306643322489997 -0.8544423330811283 0.0 0.0 0.0 0.0 0.0 0.0
-5.095445 1.8606482 2.6235032 0.41399661963756046 0.41367367059007304 -0.8108519551614887 0.0 -0.8108519551614887 -0.41367367059007304 0.0 0.0 0.0 0.0 0.0 0.0
-4.824724 2.052125 2.3241374 0.08196018502598883 0.8076362909923934 0.5839573182541303 0.0 0.5839573182541303 -0.8076362909923934 0.0 0.0 0.0 0.0 0.0 0.0
-4.6946464 1.8324726 1.9550364 -0.6003477654344587 -0.43403581656326645 -0.6717108533276137 0.0 -0.6717108533276137 0.43403581656326645 0.0 0.0 0.0 0.0 0.0 0.0
-4.598615 2.1816156 1.693003 -0.7119226078426155 0.5736704210409331 -0.4050536365289024 0.0 -0.4050536365289024 -0.5736704210409331 0.0 0.0 0.0 0.0 0.0 0.0
-4.228105 2.3706272 1.8701574 0.3657359846258812 -0.8334219449060012 0.41430067740571636 -0.0 0.41430067740571636 0.8334219449060012 0.0 0.0 0.0 0.0 0.0 0.0
-3.9833295 2.726227 1.7602724 0.2923875787786429 0.8853515718836172 0.36147212608881923 0.0 0.36147212608881923 -0.8853515718836172 0.0 0.0 0.0 0.0 0.0 0.0
-3.5551775 2.5969713 1.7455976 0.7508780500843951 -0.42849708203871384 -0.5025658211476028 0.0 -0.5025658211476028 0.42849708203871384 0.0 0.0 0.0 0.0 0.0 0.0
-3.3217893 2.9450576 1.8809581 0.09842345310368941 0.920257218469946 0.37873404353596735 0.0 0.37873404353596735 -0.920257218469946 0.0 0.0 0.0 0.0 0.0 0.0
-3.0024655 3.0575254 1.7944354 0.7393836662036863 -0.3874567440299694 0.5506260669972777 -0.0 0.5506260669972777 0.3874567440299694 0.0 0.0 0.0 0.0 0.0 0.0
-3.0251231 2.788683 1.4403616 0.9933237719833925 -0.04559372456637805 -0.10596743033994276 0.0 -0.10596743033994276 0.04559372456637805 0.0 0.0 0.0 0.0 0.0 0.0
-2.6362996 2.9200518 1.2652031 0.5796667585346457 0.7657482346337408 -0.2785966442820991 0.0 -0.2785966442820991 -0.7657482346337408 0.0 0.0 0.0 0.0 0.0 0.0
-2.4243956 2.7727168 1.626086 0.057656253042474404 -0.144923032388654 0.9877616469413961 -0.0 0.9877616469413961 0.144923032388654 0.0 0.0 0.0 0.0 0.0 0.0
-2.5973234 2.3590045 1.6429914 -0.9496832237085501 -0.30387291700726793 0.07591458961247308 -0.0 0.07591458961247308 0.30387291700726793 0.0 0.0 0.0 0.0 0.0 0.0
-2.6656492 2.3148627 1.2013384 -0.719118976704378 -0.5705169326048324 0.39670937341436935 -0.0 0.39670937341436935 0.5705169326048324 0.0 0.0 0.0 0.0 0.0 0.0
-2.9043202 2.0423808 0.94435316 0.8501670371414362 0.11416621710018818 -0.5139864626925351 0.0 -0.5139864626925351 -0.11416621710018818 0.0 0.0 0.0 0.0 0.0 0.0
-2.667645 1.7116694 1.142874 0.8342363434808482 0.5510075408602969 0.020986022271803663 0.0 0.020986022271803663 -0.5510075408602969 0.0 0.0 0.0 0.0 0.0 0.0
-2.9037333 1.7814041 1.5105659 -0.5068249835538442 0.2805813255041771 0.8151089226747334 0.0 0.8151089226747334 -0.2805813255041771 0.0 0.0 0.0 0.0 0.0 0.0
-3.2895045 1.7349144 1.2900916 -0.5575317935481401 0.031265680148060214 -0.8295666075896939 0.0 -0.8295666075896939 -0.031265680148060214 0.0 0.0 0.0 0.0 0.0 0.0
-3.146161 1.3523128 1.1008453 0.5911995765392104 0.07223828154178186 -0.8032836929626722 0.0 -0.8032836929626722 -0.07223828154178186 0.0 0.0 0.0 0.0 0.0 0.0
-3.0090396 1.1987556 1.5039916 -0.6760249508362591 -0.009946420813380413 0.7368116004514564 -0.0 0.7368116004514564 0.009946420813380413 0.0 0.0 0.0 0.0 0.0 0.0
-3.4139469 1.2671989 1.6807936 0.1810893892123609 0.6684438674669334 0.7213802250966842 0.0 0.7213802250966842 -0.6684438674669334 0.0 0.0 0.0 0.0 0.0 0.0
-3.617516 1.0228928 1.3653439 -0.09937972360961618 0.38001449903609974 -0.9196263649208947 0.0 -0.9196263649208947 -0.38001449903609974 0.0 0.0 0.0 0.0 0.0 0.0
-3.5009394 0.6346561 1.5453157 -0.7961354984516171 0.13843291111236636 0.5890709611126242 0.0 0.5890709611126242 -0.13843291111236636 0.0 0.0 0.0 0.0 0.0 0.0
-3.6352432 0.69816864 1.9727637 0.4637852225718126 0.8809298838869436 -0.09415841438209589 0.0 -0.09415841438209589 -0.8809298838869436 0.0 0.0 0.0 0.0 0.0 0.0
-3.9569151 1.0043439 1.8929327 0.49603680602275496 0.42869719653407123 0.7550935046433467 0.0 0.7550935046433467 -0.42869719653407123 0.0 0.0 0.0 0.0 0.0 0.0
-4.1480393 0.9020898 1.5022306 -0.5922601569126609 -0.5920492775530473 0.5465396229759605 -0.0 0.5465396229759605 0.5920492775530473 0.0 0.0 0.0 0.0 0.0 0.0
-4.518784 1.1308994 1.6145809 -0.025749605082465363 0.17478226172926234 0.9842703484423885 0.0 0.9842703484423885 -0.17478226172926234 0.0 0.0 0.0 0.0 0.0 0.0
-4.314393 1.5251234 1.6865461 0.9605058686299803 0.11813012771671712 0.2519399715269474 0.0 0.2519399715269474 -0.11813012771671712 0.0 0.0 0.0 0.0 0.0 0.0
-4.2821083 1.8395164 1.3637004 -0.9057647591985395 -0.2038732635689021 -0.3715183621246424 0.0 -0.3715183621246424 0.2038732635689021 0.0 0.0 0.0 0.0 0.0 0.0
-4.0016437 2.1877203 1.3687485 0.6527403982047308 -0.5397846864896552 0.5315660493135299 -0.0 0.5315660493135299 0.5397846864896552 0.0 0.0 0.0 0.0 0.0 0.0
-4.0038743 2.6123505 1.2389059 -0.46196055959711213 0.7840103389576976 0.414632644378321 0.0 0.414632644378321 -0.7840103389576976 0.0 0.0 0.0 0.0 0.0 0.0
-3.5760744 2.729749 1.2494718 -0.23759796802173763 -0.09528328446950501 -0.9666790063369768 0.0 -0.9666790063369768 0.09528328446950501 0.0 0.0 0.0 0.0 0.0 0.0
-3.5064569 3.163184 1.3251936 -0.30121305127837394 0.273735081790862 0.9134220288215749 0.0 0.9134220288215749 -0.273735081790862 0.0 0.0 0.0 0.0 0.0 0.0
-3.1193943 3.3836584 1.3854191 0.3515353421190174 -0.5908419289679093 -0.7261740274994318 0.0 -0.7261740274994318 0.5908419289679093 0.0 0.0 0.0 0.0 0.0 0.0
-2.840573 3.4558585 1.0437896 -0.34383774240000287 -0.5894841984360766 -0.7309473214229913 0.0 -0.7309473214229913 0.5894841984360766 0.0 0.0 0.0 0.0 0.0 0.0
-3.1083586 3.2841043 0.7262268 -0.9741154313607007 0.20135817617498733 -0.10273271763386298 0.0 -0.10273271763386298 -0.20135817617498733 0.0 0.0 0.0 0.0 0.0 0.0
-3.0048132 3.4772248 0.33599436 0.9064391926200145 -0.4072481417211883 -0.11187913633477493 0.0 -0.11187913633477493 0.4072481417211883 0.0 0.0 0.0 0.0 0.0 0.0
-3.0420287 3.4025595 -0.107654385 -0.30912291702462924 0.618735929759527 -0.7222249451485305 0.0 -0.7222249451485305 -0.618735929759527 0.0 0.0 0.0 0.0 0.0 0.0
-2.6610706 3.1634188 -0.110002354 0.6777848637882912 0.7204408296150678 0.14687644277773243 0.0 0.14687644277773243 -0.7204408296150678 0.0 0.0 0.0 0.0 0.0 0.0
-2.7841043 2.8763795 0.21366519 -0.2769181957804862 0.3625906375602763 0.8898563605432692 0.0 0.8898563605432692 -0.3625906375602763 0.0 0.0 0.0 0.0 0.0 0.0
-3.2333882 2.8554826 0.17926745 -0.8324491680234901 0.031317599618214474 -0.5532156818196249 0.0 -0.5532156818196249 -0.031317599618214474 0.0 0.0 0.0 0.0 0.0 0.0
-3.239845 2.4956563 -0.09063161 0.16063315666363914 -0.5698084553214724 -0.8059251287957415 0.0 -0.8059251287957415 0.5698084553214724 0.0 0.0 0.0 0.0 0.0 0.0
-2.9688895 2.2622683 0.17762388 0.9029176070923943 -0.4093385323874355 0.13107921538308484 -0.0 0.13107921538308484 0.4093385323874355 0.0 0.0 0.0 0.0 0.0 0.0
-3.277295 2.3131018 0.49776947 0.29321546961556716 0.4830012432169657 0.825066353349225 0.0 0.825066353349225 -0.4830012432169657 0.0 0.0 0.0 0.0 0.0 0.0
-3.6076543 2.161423 0.23855367 -0.684916321606804 0.7242719047207923 -0.07949742403827037 0.0 -0.07949742403827037 -0.7242719047207923 0.0 0.0 0.0 0.0 0.0 0.0
-3.3507864 1.8176802 0.10154966 0.8165356691177948 0.12320908053936674 -0.5639938151531441 0.0 -0.5639938151531441 -0.12320908053936674 0.0 0.0 0.0 0.0 0.0 0.0
-3.313219 1.705917 0.5392111 -0.7302365715603839 -0.055304328538329395 0.6809522602948468 -0.0 0.6809522602948469 0.0553043285383294 0.0 0.0 0.0 0.0 0.0 0.0
-3.7614465 1.6805589 0.59462315 -0.2865161529208851 0.6295262225749911 0.72222242363823 0.0 0.72222242363823 -0.6295262225749911 0.0 0.0 0.0 0.0 0.0 0.0
-3.8845975 2.0644517 0.7750646 0.2439327410196155 0.8003139007891891 -0.5477175166655247 0.0 -0.5477175166655247 -0.8003139007891891 0.0 0.0 0.0 0.0 0.0 0.0
-4.313806 2.2054474 0.7812867 -0.8933752365638845 0.40988921752937113 0.1840421583430907 0.0 0.1840421583430907 -0.40988921752937113 0.0 0.0 0.0 0.0 0.0 0.0
-4.2266965 2.639352 0.7025123 0.6017454864131231 -0.02231904102631204 0.7983759953737962 -0.0 0.7983759953737962 0.02231904102631204 0.0 0.0 0.0 0.0 0.0 0.0
-3.9040856 2.937544 0.7772952 0.14788318330360187 0.41187888629614294 -0.8991586885080088 0.0 -0.8991586885080088 -0.41187888629614294 0.0 0.0 0.0 0.0 0.0 0.0
-3.9031465 3.3235502 1.0124443 0.9383243154837625 -0.024105061380487937 -0.34491509823110317 0.0 -0.34491509823110317 0.024105061380487937 0.0 0.0 0.0 0.0 0.0 0.0
-3.6695235 3.634891 0.79161775 -0.2657126818739927 0.4314705245156376 -0.8621078570373495 0.0 -0.8621078570373495 -0.4314705245156376 0.0 0.0 0.0 0.0 0.0 0.0
-3.5396807 4.0069265 0.9953041 0.28280885951542234 0.2758384040455489 -0.9186578927071768 0.0 -0.9186578927071768 -0.2758384040455489 0.0 0.0 0.0 0.0 0.0 0.0
-3.2094388 4.2751822 0.86886597 0.8458156634168112 -0.3212243687611318 -0.42592343024632034 0.0 -0.42592343024632034 0.3212243687611318 0.0 0.0 0.0 0.0 0.0 0.0
-3.1462784 4.0812397 0.4640761 -0.8033578488363595 -0.10996330343354024 -0.5852557036125321 0.0 -0.5852557036125321 0.10996330343354024 0.0 0.0 0.0 0.0 0.0 0.0
-3.5691478 4.18819 0.36921814 -0.996394704900049 -0.07100028150191055 -0.04643869155988132 0.0 -0.04643869155988132 0.07100028150191055 0.0 0.0 0.0 0.0 0.0 0.0
-3.7005165 4.545081 0.5935666 -0.19644291324002422 0.4632773702326329 0.8641668010680047 0.0 0.8641668010680047 -0.4632773702326329 0.0 0.0 0.0 0.0 0.0 0.0
-3.3472648 4.8219066 0.56985205 0.7548223712290941 -0.27303853502995984 0.5964001561709901 -0.0 0.59640015617099 0.2730385350299598 0.0 0.0 0.0 0.0 0.0 0.0
-3.3507864 5.1286693 0.24759334 -0.7789935667664682 0.3887274847389003 0.4919958999270464 0.0 0.4919958999270464 -0.3887274847389003 0.0 0.0 0.0 0.0 0.0 0.0
-3.611059 5.4273305 0.051185727 0.23292637038814115 -0.2980764544261381 -0.9256866280197359 0.0 -0.9256866280197359 0.2980764544261381 0.0 0.0 0.0 0.0 0.0 0.0
-4.0298195 5.278587 0.0 -0.05812082840814235 0.9923321061809928 -0.10908235580306341 0.0 -0.10908235580306341 -0.9923321061809928 0.0 0.0 0.0 0.0 0.0 0.0
-3.9494011 5.210378 -0.43989202 0.16349973319567807 0.8052340770345473 -0.5699701030995071 0.0 -0.5699701030995071 -0.8052340770345473 0.0 0.0 0.0 0.0 0.0 0.0
-3.5952103 4.9661894 -0.3285983 0.8699142807964774 -0.032627000422055165 0.49212256899049733 -0.0 0.49212256899049733 0.032627000422055165 0.0 0.0 0.0 0.0 0.0 0.0
-3.83212 4.7382016 -0.022188308 -0.717310997758032 -0.15680120786673715 0.6788801909813756 -0.0 0.6788801909813756 0.15680120786673715 0.0 0.0 0.0 0.0 0.0 0.0
-4.1601315 4.660719 -0.31310165 -0.5086978037097974 0.6850306129981242 -0.5214974628473688 0.0 -0.5214974628473688 -0.6850306129981242 0.0 0.0 0.0 0.0 0.0 0.0
-3.8672225 4.494365 -0.60695004 0.5187470507678689 -0.17431200385760642 -0.8369688301429056 0.0 -0.8369688301429056 0.17431200385760642 0.0 0.0 0.0 0.0 0.0 0.0
-3.6671753 4.25229 -0.28563043 0.6560220823720531 0.37529477148017215 0.654819717128219 0.0 0.654819717128219 -0.37529477148017215 0.0 0.0 0.0 0.0 0.0 0.0
-4.061047 4.088284 -0.1737497 -0.3203615790054625 -0.4992999602463365 -0.8050267128456878 0.0 -0.8050267128456878 0.4992999602463365 0.0 0.0 0.0 0.0 0.0 0.0
-4.1236205 3.9629023 -0.6035455 -0.4681156490854869 0.7024262609361251 -0.5361577072360033 0.0 -0.5361577072360033 -0.7024262609361251 0.0 0.0 0.0 0.0 0.0 0.0
-3.705917 3.7893875 -0.61176336 0.031832665628456956 -0.7199478933485302 0.6932977082480516 -0.0 0.6932977082480516 0.7199478933485302 0.0 0.0 0.0 0.0 0.0 0.0
-3.7882135 3.541794 -0.24876732 0.587539584507134 0.16079723897795448 0.7930583109546555 0.0 0.7930583109546555 -0.16079723897795448 0.0 0.0 0.0 0.0 0.0 0.0
-4.1878376 3.4016204 -0.3880019 -0.838128687583437 0.03634223183227984 -0.544260549034297 0.0 -0.544260549034297 -0.03634223183227984 0.0 0.0 0.0 0.0 0.0 0.0
-4.006692 3.2895048 -0.7803475 0.020726442402120574 0.6441358453511182 -0.7646302552993519 0.0 -0.7646302552993519 -0.6441358453511182 0.0 0.0 0.0 0.0 0.0 0.0
-3.647922 3.102489 -0.5891055 0.9759374811582552 -0.10838054949286491 0.1892080583963198 -0.0 0.1892080583963198 0.10838054949286491 0.0 0.0 0.0 0.0 0.0 0.0
-3.911951 2.8415122 -0.3351726 -0.5697906046368217 0.14346069674718384 0.8091709926563222 0.0 0.8091709926563222 -0.14346069674718384 0.0 0.0 0.0 0.0 0.0 0.0
-4.1743364 2.7319794 -0.68372864 -0.6382038165093269 0.6319626216932548 -0.439680717538895 0.0 -0.439680717538895 -0.6319626216932548 0.0 0.0 0.0 0.0 0.0 0.0
-3.7934961 2.6144636 -0.8831886 0.28690816556367366 -0.8554295231102818 0.43118909485770124 -0.0 0.43118909485770124 0.8554295231102818 0.0 0.0 0.0 0.0 0.0 0.0
-3.624325 2.32085 -0.58276594 -0.7023338182274613 0.14642441338497497 0.6966255083894798 0.0 0.6966255083894798 -0.14642441338497497 0.0 0.0 0.0 0.0 0.0 0.0
-1.5861704 5.2046256 4.370627 0.8546091516975433 -0.0064990579032045415 0.5192311239526924 -0.0 0.5192311239526924 0.0064990579032045415 0.0 0.0 0.0 0.0 0.0 0.0
-1.4800423 4.81815 4.167176 0.590974864481402 -0.7523089164177698 0.291170059981293 -0.0 0.291170059981293 0.7523089164177698 0.0 0.0 0.0 0.0 0.0 0.0
-1.7080301 4.9173517 3.799836 -0.7653328302481465 0.4301639732711667 -0.47877407515855 0.0 -0.47877407515855 -0.4301639732711667 0.0 0.0 0.0 0.0 0.0 0.0
-1.454567 5.2850437 3.7756517 -0.7002062497479403 0.4610230307409335 0.5451320692642926 0.0 0.5451320692642926 -0.4610230307409335 0.0 0.0 0.0 0.0 0.0 0.0
-1.0779526 5.0522428 3.8512564 0.39264253072447974 -0.20584963980401758 0.8963580584001196 -0.0 0.8963580584001196 0.20584963980401758 0.0 0.0 0.0 0.0 0.0 0.0
-1.1812633 4.755694 3.53205 -0.39873669217437224 -0.8777952175452026 0.2654893714795572 -0.0 0.2654893714795572 0.8777952175452026 0.0 0.0 0.0 0.0 0.0 0.0
-1.239258 5.081944 3.2362058 -0.44157559321740164 0.7766282295600553 -0.44928786821492744 0.0 -0.44928786821492744 -0.7766282295600553 0.0 0.0 0.0 0.0 0.0 0.0
-0.8552478 5.2770605 3.351374 0.789054587070792 0.2986926092355549 0.5368198802304158 0.0 0.5368198802304158 -0.2986926092355549 0.0 0.0 0.0 0.0 0.0 0.0
-0.5987322 4.9064336 3.3653443 0.4052626782810466 0.15643626526218454 0.9007163018971581 0.0 0.9007163018971581 -0.15643626526218454 0.0 0.0 0.0 0.0 0.0 0.0
-0.81004936 4.6400566 3.072083 -0.16482473562652283 0.7079201343050397 -0.686791008947541 0.0 -0.686791008947541 -0.7079201343050397 0.0 0.0 0.0 0.0 0.0 0.0
-0.59086645 4.258864 3.1689365 0.9736718534769094 -0.2277021310073261 0.010717335562645964 -0.0 0.010717335562645964 0.2277021310073261 0.0 0.0 0.0 0.0 0.0 0.0
-0.60542387 3.983447 3.5224233 -0.688802649755947 -0.7165671814638963 0.10991989873573396 -0.0 0.10991989873573396 0.7165671814638963 0.0 0.0 0.0 0.0 0.0 0.0
-0.2885654 3.6798546 3.5772483 -0.24609520853036537 -0.13851454904043176 0.9592970697560386 -0.0 0.9592970697560386 0.13851454904043176 0.0 0.0 0.0 0.0 0.0 0.0
-0.486734 3.2885654 3.6813807 -0.2969469845299481 -0.7136432381601758 -0.6344571041503354 0.0 -0.6344571041503354 0.7136432381601758 0.0 0.0 0.0 0.0 0.0 0.0
-0.17727166 3.0734916 3.921226 0.54875812541396 0.5931358726319658 0.5891131948864099 0.0 0.5891131948864099 -0.5931358726319658 0.0 0.0 0.0 0.0 0.0 0.0
-0.18396337 2.6292558 3.9407141 -0.8877484821778299 -0.19318338608989868 -0.41783108037794453 0.0 -0.41783108037794453 0.19318338608989868 0.0 0.0 0.0 0.0 0.0 0.0
0.17621508 2.4356658 4.115873 -0.5183256852831518 -0.30861057089586286 0.7975575211275239 -0.0 0.7975575211275239 0.30861057089586286 0.0 0.0 0.0 0.0 0.0 0.0
0.30206624 2.0750177 4.342099 0.3079699578537745 -0.6822249852810652 -0.6631165617881932 0.0 -0.6631165617881932 0.6822249852810652 0.0 0.0 0.0 0.0 0.0 0.0
0.48297727 2.290796 4.6901855 0.5356690831518447 0.727799698920777 -0.42821283447146774 0.0 -0.42821283447146774 -0.727799698920777 0.0 0.0 0.0 0.0 0.0 0.0
0.4714722 2.6668234 4.9357834 0.3527860201912187 0.5184326553055107 0.7789541744355174 0.0 0.7789541744355174 -0.5184326553055107 0.0 0.0 0.0 0.0 0.0 0.0
0.8806058 2.7729516 4.800188 0.418450845942215 -0.5979153677122933 0.6836637350216245 -0.0 0.6836637350216245 0.5979153677122933 0.0 0.0 0.0 0.0 0.0 0.0
0.78011274 2.7096736 4.363818 -0.4423309740771136 -0.5246100958357102 -0.7274115456323463 0.0 -0.7274115456323463 0.5246100958357102 0.0 0.0 0.0 0.0 0.0 0.0
0.40819442 2.95668 4.4027944 0.3091412352312818 0.8941675199745922 0.32387674029198954 0.0 0.32387674029198954 -0.8941675199745922 0.0 0.0 0.0 0.0 0.0 0.0
0.6424043 3.283048 4.595445 0.28935551823383937 0.09877266296264431 0.952112044414361 0.0 0.952112044414361 -0.09877266296264431 0.0 0.0 0.0 0.0 0.0 0.0
0.9659545 3.2634423 4.2877436 0.4523031747795516 -0.6174411669133715 -0.643574582690299 0.0 -0.643574582690299 0.6174411669133715 0.0 0.0 0.0 0.0 0.0 0.0
0.65625733 3.3003054 3.9638414 -0.11934206329328807 -0.859941015757122 -0.4962448199704557 0.0 -0.4962448199704557 0.859941015757122 0.0 0.0 0.0 0.0 0.0 0.0
0.43977463 3.639587 4.1757455 0.6337902215973408 0.7671791304682507 0.09872252418558056 0.0 0.09872252418558056 -0.7671791304682507 0.0 0.0 0.0 0.0 0.0 0.0
0.81697583 3.8753228 4.217422 0.6624187032486863 -0.13414006560212718 0.7370263932767848 -0.0 0.7370263932767848 0.13414006560212718 0.0 0.0 0.0 0.0 0.0 0.0
0.92850435 3.7999532 3.7890353 -0.7173469797378587 0.3762742989002427 -0.5863710110911887 0.0 -0.5863710110911887 -0.3762742989002427 0.0 0.0 0.0 0.0 0.0 0.0
0.53204983 3.9283874 3.6341867 -0.9606855147865471 -0.016830911909775037 0.2771282412234318 -0.0 0.2771282412234318 0.016830911909775037 0.0 0.0 0.0 0.0 0.0 0.0
0.52911484 4.286217 3.899977 -0.015549796050127762 0.7534964961717954 0.6572680078169233 0.0 0.6572680078169233 -0.7534964961717954 0.0 0.0 0.0 0.0 0.0 0.0
0.9442358 4.41113 3.774478 0.735913168877327 -0.578985811597097 0.35100888570260086 -0.0 0.35100888570260086 0.578985811597097 0.0 0.0 0.0 0.0 0.0 0.0
0.79255694 4.3804884 3.3529 -0.7870726833231098 0.6096030551583801 -0.09434355467189495 0.0 -0.09434355467189495 -0.6096030551583801 0.0 0.0 0.0 0.0 0.0 0.0
0.45597562 4.6670585 3.4367225 -0.9082113344254463 -0.4150362113027128 0.053824857906364106 -0.0 0.053824857906364106 0.4150362113027128 0.0 0.0 0.0 0.0 0.0 0.0
0.108710974 4.401386 3.5342808 -0.0261342499814479 -0.9703331995156442 0.24035491027986147 -0.0 0.24035491027986147 0.9703331995156442 0.0 0.0 0.0 0.0 0.0 0.0
-0.07783518 4.567739 3.908899 0.3397157104934713 0.9390648703915848 -0.052444306081328815 0.0 -0.052444306081328815 -0.9390648703915848 0.0 0.0 0.0 0.0 0.0 0.0
-0.4384832 4.308171 3.9431796 -0.7078460917711972 0.3321881627032156 -0.6233818532200822 0.0 -0.6233818532200822 -0.3321881627032156 0.0 0.0 0.0 0.0 0.0 0.0
-0.31439304 3.913947 4.1049542 0.7868481694849861 0.14977028030254277 0.5986976042345787 0.0 0.5986976042345787 -0.14977028030254277 0.0 0.0 0.0 0.0 0.0 0.0
-0.5923926 3.571848 4.1830244 -0.6321232199960215 -0.5260142831492983 -0.5689720631672448 0.0 -0.5689720631672448 0.5260142831492983 0.0 0.0 0.0 0.0 0.0 0.0
-0.43683964 3.238319 4.4420056 0.3771384928857516 0.18456394648380872 0.9075806888878728 0.0 0.9075806888878728 -0.18456394648380872 0.0 0.0 0.0 0.0 0.0 0.0
-0.68114585 2.8755577 4.346913 0.6438804593499748 -0.603285603236522 -0.4706000796799882 0.0 -0.4706000796799882 0.603285603236522 0.0 0.0 0.0 0.0 0.0 0.0
-0.8053534 2.5918057 4.669641 -0.33183137675233504 0.39689826590024535 0.8557801726658711 0.0 0.8557801726658711 -0.39689826590024535 0.0 0.0 0.0 0.0 0.0 0.0
-0.6138765 2.2619162 4.4414186 0.2573995781470488 -0.02931599977425028 -0.9658602535185706 0.0 -0.9658602535185706 0.02931599977425028 0.0 0.0 0.0 0.0 0.0 0.0
-0.22258747 2.4353135 4.5884013 0.13499430469919993 0.8717189377137243 0.4710441925446439 0.0 0.4710441925446439 -0.8717189377137243 0.0 0.0 0.0 0.0 0.0 0.0
-0.1146983 2.2143695 4.964781 0.8143173608865396 0.202098746892297 -0.5440986420340934 0.0 -0.5440986420340934 -0.202098746892297 0.0 0.0 0.0 0.0 0.0 0.0
-0.18678094 2.4836817 5.3215547 0.7929983665209732 -0.327509198654277 0.5137035287905872 -0.0 0.5137035287905872 0.327509198654277 0.0 0.0 0.0 0.0 0.0 0.0
-0.33693355 2.8003054 5.0441422 -0.4109752938678408 0.7826848893749481 0.467443763221168 0.0 0.467443763221168 -0.7826848893749481 0.0 0.0 0.0 0.0 0.0 0.0
-0.46607187 3.0460203 5.394929 -0.04792653848469359 -0.5179466973001613 0.8540692393856194 -0.0 0.8540692393856194 0.5179466973001613 0.0 0.0 0.0 0.0 0.0 0.0
-0.04261564 3.0414417 5.5380373 0.9151313927877256 -0.4022083104279001 0.027622616768359576 -0.0 0.027622616768359576 0.4022083104279001 0.0 0.0 0.0 0.0 0.0 0.0
0.081709325 3.192064 5.133013 -0.19774312246101192 0.13611388519263337 -0.9707577801785242 0.0 -0.9707577801785242 -0.13611388519263337 0.0 0.0 0.0 0.0 0.0 0.0
-0.2129608 3.5293498 5.163067 -0.9920570533621469 0.10807071204010463 -0.0643702110728199 0.0 -0.0643702110728199 -0.10807071204010463 0.0 0.0 0.0 0.0 0.0 0.0
-0.0834703 3.6488614 5.575018 -0.018245233363449666 -0.41990714546282826 0.9073836568115895 -0.0 0.9073836568115895 0.41990714546282826 0.0 0.0 0.0 0.0 0.0 0.0
0.34597325 3.6224465 5.4697113 0.5144635559929217 -0.8316046708117113 0.20919111128167817 -0.0 0.2091911112816781 0.8316046708117111 0.0 0.0 0.0 0.0 0.0 0.0
0.30206624 3.8791971 5.107772 -0.16606240055762161 -0.353815235217228 -0.9204553538598261 0.0 -0.9204553538598261 0.353815235217228 0.0 0.0 0.0 0.0 0.0 0.0
0.120803 4.206739 5.3565392 0.5645498692989084 0.5199926854038279 0.6410078409825432 0.0 0.6410078409825432 -0.5199926854038279 0.0 0.0 0.0 0.0 0.0 0.0
0.4903734 4.451867 5.306762 0.6877032604449769 -0.48713943763767714 -0.5382930371752881 0.0 -0.5382930371752881 0.48713943763767714 0.0 0.0 0.0 0.0 0.0 0.0
0.3955154 4.4938955 4.8692183 0.1743216157752529 -0.6070407862677923 -0.7753150702010672 0.0 -0.7753150702010672 0.6070407862677923 0.0 0.0 0.0 0.0 0.0 0.0
0.02653205 4.7148395 4.9756985 -0.7440350207651552 -0.4297200918170099 0.5116175627984012 -0.0 0.5116175627984012 0.4297200918170099 0.0 0.0 0.0 0.0 0.0 0.0
0.27036864 5.071261 5.1089463 -0.06549482566017006 0.23392610645067408 0.9700458775401151 0.0 0.9700458775401151 -0.23392610645067408 0.0 0.0 0.0 0.0 0.0 0.0
0.441066 5.0577602 4.6960554 0.8241868270284406 -0.561501934664877 -0.0736997389438512 0.0 -0.0736997389438512 0.561501934664877 0.0 0.0 0.0 0.0 0.0 0.0
0.031345386 5.074666 4.5154967 -0.26985859546238244 -0.8903382670400758 -0.36670711569199876 0.0 -0.36670711569199876 0.8903382670400758 0.0 0.0 0.0 0.0 0.0 0.0
-0.045198403 4.6382957 4.4436493 -0.43201072516952005 0.033477206828228565 0.9012469195295402 0.0 0.9012469195295402 -0.033477206828228565 0.0 0.0 0.0 0.0 0.0 0.0
-0.46630666 4.507044 4.4920173 -0.5096035629789916 0.3090248800941981 -0.8029992727779294 0.0 -0.8029992727779294 -0.3090248800941981 0.0 0.0 0.0 0.0 0.0 0.0
-0.4629021 4.0865226 4.629608 0.6769918245913805 -0.22017415581859606 0.702285846750454 -0.0 0.702285846750454 0.22017415581859606 0.0 0.0 0.0 0.0 0.0 0.0
-0.81932384 3.8212023 4.6176333 0.678561078000794 -0.7262104039116384 -0.11033273617968205 0.0 -0.11033273617968205 0.7262104039116384 0.0 0.0 0.0 0.0 0.0 0.0
-0.93413955 3.3928154 4.631721 -0.9209025524643596 0.1715136552346982 -0.35003079140649995 0.0 -0.35003079140649995 -0.1715136552346982 0.0 0.0 0.0 0.0 0.0 0.0
-1.0884011 3.134539 4.307232 0.21725507563518304 -0.7211580990893975 0.6578230979743092 -0.0 0.6578230979743092 0.7211580990893975 0.0 0.0 0.0 0.0 0.0 0.0
-1.2538155 2.7176569 4.2670817 0.5839642668944203 -0.7924390374438223 0.17614229170068954 -0.0 0.17614229170068954 0.7924390374438223 0.0 0.0 0.0 0.0 0.0 0.0
-1.4948345 2.8042967 4.6314864 -0.6325795283092764 0.7698096504537065 0.08506610624893787 0.0 0.08506610624893787 -0.7698096504537065 0.0 0.0 0.0 0.0 0.0 0.0
-1.7923223 2.4681852 4.6514444 0.2758459824540506 -0.9570679398166158 0.0890502809604696 -0.0 0.0890502809604696 0.9570679398166158 0.0 0.0 0.0 0.0 0.0 0.0
-1.9529233 2.5028176 5.0713787 0.8132054270400274 0.24844001536563973 0.5262836613441154 0.0 0.5262836613441154 -0.24844001536563973 0.0 0.0 0.0 0.0 0.0 0.0
-2.05506 2.816624 5.377319 -0.46460448657511655 0.3675571507614469 0.8056329263246379 0.0 0.8056329263246379 -0.3675571507614469 0.0 0.0 0.0 0.0 0.0 0.0
-1.7419583 2.6305473 5.6409955 0.10218409871514658 -0.8753921498167102 0.472490205199062 -0.0 0.472490205199062 0.8753921498167102 0.0 0.0 0.0 0.0 0.0 0.0
-1.4268608 2.7208266 5.3370514 0.17716153873893117 -0.5069599431567987 -0.8435670721561562 0.0 -0.8435670721561562 0.5069599431567987 0.0 0.0 0.0 0.0 0.0 0.0
-1.6067152 3.123738 5.264147 -0.4095269831313715 0.8555124435945369 0.316837669702044 0.0 0.316837669702044 -0.8555124435945369 0.0 0.0 0.0 0.0 0.0 0.0
-1.5853487 3.227988 5.7011037 -0.5760991552849235 -0.26028611234793414 0.77482959610407 -0.0 0.77482959610407 0.26028611234793414 0.0 0.0 0.0 0.0 0.0 0.0
-1.1568444 3.0948582 5.7257576 0.2724638211579324 -0.9579402721017051 0.0900771960361198 -0.0 0.0900771960361198 0.9579402721017051 0.0 0.0 0.0 0.0 0.0 0.0
-1.0496596 3.3270724 5.360179 -0.19542035886844789 0.9555535199132387 0.22074499749970977 0.0 0.22074499749970977 -0.9555535199132387 0.0 0.0 0.0 0.0 0.0 0.0
-1.2349143 3.703569 5.520427 -0.6818749103308572 0.5523449998489244 0.4795431240286709 0.0 0.4795431240286709 -0.5523449998489244 0.0 0.0 0.0 0.0 0.0 0.0
-1.047429 3.6341865 5.9195824 -0.22758610993069014 -0.6066878316333131 0.761665568024894 -0.0 0.761665568024894 0.6066878316333131 0.0 0.0 0.0 0.0 0.0 0.0
-0.6475699 3.6010802 5.7259927 0.22137301258095665 0.040290371789563455 -0.9743565442084794 0.0 -0.9743565442084794 -0.040290371789563455 0.0 0.0 0.0 0.0 0.0 0.0
-0.6967598 3.9890823 5.511975 -0.2584126649434595 -0.046028711957693334 -0.9649374343823205 0.0 -0.9649374343823205 0.046028711957693334 0.0 0.0 0.0 0.0 0.0 0.0
-0.8909369 3.8855367 5.1172814 -0.8498618620936178 0.37279195246278657 0.37250634294969015 0.0 0.37250634294969015 -0.37279195246278657 0.0 0.0 0.0 0.0 0.0 0.0
-1.048603 4.2605076 4.932144 0.7301104135270031 0.6652113428459001 -0.15630947958643746 0.0 -0.15630947958643746 -0.6652113428459001 0.0 0.0 0.0 0.0 0.0 0.0
-1.3085232 4.0440245 4.632661 0.7015671330227732 -0.16074101291044654 -0.6942376283598652 0.0 -0.6942376283598652 0.16074101291044654 0.0 0.0 0.0 0.0 0.0 0.0
-1.4740549 3.6262035 4.5832357 -0.6829548796533944 -0.1947069015407447 0.7040325666118156 -0.0 0.7040325666118156 0.1947069015407447 0.0 0.0 0.0 0.0 0.0 0.0
-1.5261799 3.4016204 4.20263 0.8540491880591005 -0.28296112942465507 -0.43650084033173986 0.0 -0.43650084033173986 0.28296112942465507 0.0 0.0 0.0 0.0 0.0 0.0
-1.7039212 2.9984741 4.120099 -0.8362550027404035 0.23756686828816106 -0.4942059828486533 0.0 -0.4942059828486533 -0.23756686828816106 0.0 0.0 0.0 0.0 0.0 0.0
-1.7278705 2.7451282 3.749824 -0.17270664694672222 -0.7278356392522817 0.663647268008121 -0.0 0.663647268008121 0.7278356392522817 0.0 0.0 0.0 0.0 0.0 0.0
-2.1755106 2.712374 3.8059404 0.052730083902607076 -0.26057520466590295 0.9640125004194431 -0.0 0.9640125004194431 0.26057520466590295 0.0 0.0 0.0 0.0 0.0 0.0
-2.518549 2.9381313 3.9793382 -0.9744984731160702 0.22437610668422858 -0.0028440540915464106 0.0 -0.0028440540915464106 -0.22437610668422858 0.0 0.0 0.0 0.0 0.0 0.0
-2.5714955 2.8487911 4.4160604 0.40941996414383747 -0.14108410060129561 0.9013714936240121 -0.0 0.9013714936240121 0.14108410060129561 0.0 0.0 0.0 0.0 0.0 0.0
-2.9192297 3.0513031 4.6168118 -0.3604109611872725 -0.9184870981067474 -0.16274332449447068 0.0 -0.16274332449447068 0.9184870981067474 0.0 0.0 0.0 0.0 0.0 0.0
-2.7553415 2.9675982 5.0265326 0.10775777939465819 -0.9251496624386308 0.3639867622175558 -0.0 0.3639867622175558 0.9251496624386308 0.0 0.0 0.0 0.0 0.0 0.0
-2.36417 3.1595447 4.9221654 0.8203259508184187 -0.20817268263113256 -0.5326626217597916 0.0 -0.5326626217597916 0.20817268263113256 0.0 0.0 0.0 0.0 0.0 0.0
-2.5785396 3.5089223 4.740197 -0.761031538626043 0.6397556015525032 0.10744192616791867 0.0 0.10744192616791867 -0.6397556015525032 0.0 0.0 0.0 0.0 0.0 0.0
-2.8160365 3.5673869 5.111998 -0.874642532745751 -0.3729164774289661 0.30973172387417697 -0.0 0.30973172387417697 0.3729164774289661 0.0 0.0 0.0 0.0 0.0 0.0
-2.4609063 3.528528 5.3779063 0.8870817770527699 -0.09478190841005038 0.45177683723166734 -0.0 0.4517768372316674 0.0947819084100504 0.0 0.0 0.0 0.0 0.0 0.0
-2.2276356 3.817328 5.13677 0.263688222409177 0.41122370082977616 -0.8725615102894186 0.0 -0.8725615102894186 -0.41122370082977616 0.0 0.0 0.0 0.0 0.0 0.0
-2.5738435 4.1003757 5.1276126 -0.8984247820354926 0.3421397532289964 -0.27526950482187273 0.0 -0.27526950482187273 -0.3421397532289964 0.0 0.0 0.0 0.0 0.0 0.0
-2.5853486 4.0871096 5.5759573 -0.4216622200670158 -0.7475829992724792 0.5131477675747211 -0.0 0.5131477675747211 0.7475829992724792 0.0 0.0 0.0 0.0 0.0 0.0
-2.1478047 4.142522 5.6197467 0.725987329682257 -0.3605942498896002 0.5855887499665466 -0.0 0.5855887499665466 0.3605942498896002 0.0 0.0 0.0 0.0 0.0 0.0
-2.1367693 4.4661894 5.3155675 0.940983122008486 -0.19381481689650334 -0.27746455782052165 0.0 -0.27746455782052165 0.19381481689650334 0.0 0.0 0.0 0.0 0.0 0.0
-1.832003 4.2637944 5.059052 0.3076628530367186 -0.950835724493867 -0.03542589289671706 0.0 -0.03542589289671706 0.950835724493867 0.0 0.0 0.0 0.0 0.0 0.0
-1.8487909 4.261212 4.613994 0.186330244779332 -0.011954616913703066 -0.9824144375032977 0.0 -0.9824144375032977 0.011954616913703066 0.0 0.0 0.0 0.0 0.0 0.0
-1.9695939 3.8593569 4.452806 -0.4925397926082171 -0.8541417296860105 -0.1668725810504673 0.0 -0.1668725810504673 0.8541417296860105 0.0 0.0 0.0 0.0 0.0 0.0
-1.9293262 3.7451282 4.0218363 0.7283382459399204 -0.09362440820841263 -0.6787914773248003 0.0 -0.6787914773248003 0.09362440820841263 0.0 0.0 0.0 0.0 0.0 0.0
-2.1435783 3.3600612 3.9361355 -0.5271921652424103 0.7672571637767021 -0.3652189282339431 0.0 -0.3652189282339431 -0.7672571637767021 0.0 0.0 0.0 0.0 0.0 0.0
-2.057173 3.1385303 3.5631604 -0.9091770571559431 -0.333963210744671 0.24872806960688928 -0.0 0.24872806960688928 0.333963210744671 0.0 0.0 0.0 0.0 0.0 0.0
-2.3840103 3.0507164 3.2676685 -0.043849768420043886 0.8922532707578826 -0.4494010443149519 0.0 -0.4494010443149519 -0.8922532707578826 0.0 0.0 0.0 0.0 0.0 0.0
-2.3973937 2.839399 2.8790798 0.11680682847185213 -0.8547094015522007 -0.5057944283210586 0.0 -0.5057944283210586 0.8547094015522007 0.0 0.0 0.0 0.0 0.0 0.0
-2.8280113 2.8802538 2.755342 -0.5033068674606191 -0.3438388999438035 0.7927528038754666 -0.0 0.7927528038754666 0.3438388999438035 0.0 0.0 0.0 0.0 0.0 0.0
-3.140174 3.1996949 2.720944 -0.32393083087381874 -0.7372528134162469 -0.5928972136207304 0.0 -0.5928972136207304 0.7372528134162469 0.0 0.0 0.0 0.0 0.0 0.0
-3.386593 2.99143 3.0305238 -0.40292207348394943 -0.7447722189617507 0.5319475016974748 -0.0 0.5319475016974748 0.7447722189617507 0.0 0.0 0.0 0.0 0.0 0.0
-3.0405025 2.9968305 3.3207328 0.7063755600461219 -0.691301065564274 -0.1521065577785097 0.0 -0.1521065577785097 0.691301065564274 0.0 0.0 0.0 0.0 0.0 0.0
-2.9698286 3.4267435 3.2085 -0.16561760229177167 0.7796942340317211 -0.6038606720335515 0.0 -0.6038606720335515 -0.7796942340317211 0.0 0.0 0.0 0.0 0.0 0.0
-3.3929327 3.5505989 3.30101 -0.9914202383663254 -0.11622254264441187 0.059818321097524746 -0.0 0.059818321097524746 0.11622254264441187 0.0 0.0 0.0 0.0 0.0 0.0
-3.3837755 3.3382251 3.6960557 0.13092234160420974 -0.938764948559231 0.31871572258904163 -0.0 0.31871572258904163 0.938764948559231 0.0 0.0 0.0 0.0 0.0 0.0
-2.998239 3.5493076 3.7920873 -0.15377416189405035 0.9812566926393196 -0.11614133753460186 0.0 -0.11614133753460186 -0.9812566926393196 0.0 0.0 0.0 0.0 0.0 0.0
-3.186194 3.9420052 3.670228 -0.279714895803601 0.4173319320945003 -0.8646349724131289 0.0 -0.8646349724131289 -0.4173319320945003 0.0 0.0 0.0 0.0 0.0 0.0
-3.529702 3.8584177 3.9425924 -0.7571825659252158 -0.5458335269957323 -0.3588040170710267 0.0 -0.35880401707102666 0.5458335269957322 0.0 0.0 0.0 0.0 0.0 0.0
-3.2258747 3.809932 4.2698994 0.36996930824373503 -0.8872390487956212 0.27555322761654166 -0.0 0.27555322761654166 0.8872390487956212 0.0 0.0 0.0 0.0 0.0 0.0
-3.0687954 4.2189484 4.1871333 0.8391329351722818 -0.0006637692733733759 -0.5439259844128638 0.0 -0.5439259844128638 0.0006637692733733759 0.0 0.0 0.0 0.0 0.0 0.0
-2.7222352 4.11869 3.91653 0.22899936350293948 -0.7773286832489896 0.5859346462820241 -0.0 0.5859346462820241 0.7773286832489896 0.0 0.0 0.0 0.0 0.0 0.0
-2.6355953 4.350317 3.5453162 0.24817861332984914 0.9685354669782398 0.01861249824489358 0.0 0.01861249824489358 -0.9685354669782398 0.0 0.0 0.0 0.0 0.0 0.0
-2.1981688 4.246772 3.5213668 0.704087880525924 0.410612372256172 0.5793597640902163 0.0 0.5793597640902163 -0.410612372256172 0.0 0.0 0.0 0.0 0.0 0.0
-2.1566095 3.8078191 3.421343 -0.968712920540641 -0.0643969518809722 -0.2396837711779037 0.0 -0.2396837711779037 0.0643969518809722 0.0 0.0 0.0 0.0 0.0 0.0
-1.8297724 3.5270016 3.3473823 0.4363001922078915 -0.8271278072828371 0.35426223718997063 -0.0 0.35426223718997063 0.8271278072828371 0.0 0.0 0.0 0.0 0.0 0.0
-1.8912892 3.3067622 2.9687722 0.036648886337982634 -0.02552286346497193 -0.9990022235064016 0.0 -0.9990022235064016 0.02552286346497193 0.0 0.0 0.0 0.0 0.0 0.0
-1.7237616 2.898568 3.0227757 0.43282496178031965 -0.7243220719061523 0.53667503073037 -0.0 0.53667503073037 0.7243220719061523 0.0 0.0 0.0 0.0 0.0 0.0
-1.5760742 2.671989 2.803123 -0.6125259255044075 -0.6341254281517867 -0.47190775788948647 0.0 -0.47190775788948647 0.6341254281517867 0.0 0.0 0.0 0.0 0.0 0.0
-1.4810989 3.0018785 2.5133836 -0.009398655994050835 -0.608411569920511 -0.7935660192147624 0.0 -0.7935660192147624 0.608411569920511 0.0 0.0 0.0 0.0 0.0 0.0
-1.2890351 2.7228224 2.2202396 0.3151470838726677 -0.6394134474843579 0.7013078915160744 -0.0 0.7013078915160744 0.6394134474843579 0.0 0.0 0.0 0.0 0.0 0.0
-1.6676451 2.4917822 2.1750412 -0.787611770633436 -0.5059667877476752 0.35166078606515555 -0.0 0.3516607860651555 0.5059667877476751 0.0 0.0 0.0 0.0 0.0 0.0
-1.964076 2.8263679 2.11599 -0.3142650922160597 0.7177412595612546 0.6213573336960427 0.0 0.6213573336960427 -0.7177412595612546 0.0 0.0 0.0 0.0 0.0 0.0
-1.6845504 3.13313 1.9474056 -0.7364344964344458 0.5559764852481023 0.38542752926135276 0.0 0.38542752926135276 -0.5559764852481023 0.0 0.0 0.0 0.0 0.0 0.0
-1.7291619 3.5673869 1.8545434 0.5541457269945808 -0.2745911140200607 -0.7858258288926813 0.0 -0.7858258288926813 0.2745911140200607 0.0 0.0 0.0 0.0 0.0 0.0
-2.0956798 3.4618456 1.6198639 0.47212935438726467 -0.7517484579410845 -0.460399966017664 0.0 -0.460399966017664 0.7517484579410845 0.0 0.0 0.0 0.0 0.0 0.0
-2.3086407 3.3856542 2.0103312 -0.3700861243082904 -0.2196285732923518 0.90266247866411 -0.0 0.90266247866411 0.2196285732923518 0.0 0.0 0.0 0.0 0.0 0.0
-2.1931205 3.7958443 2.1476874 0.6183101074105901 0.7848046577587935 0.042121968543832114 0.0 0.042121968543832114 -0.7848046577587935 0.0 0.0 0.0 0.0 0.0 0.0
-2.3378727 3.9845035 1.7621508 0.5610477153288396 -0.004589660224928729 -0.8277707388784101 0.0 -0.8277707388784101 0.004589660224928729 0.0 0.0 0.0 0.0 0.0 0.0
-2.7161305 3.7431324 1.77753 -0.543738786163942 0.10090951701193024 0.8331658909229194 0.0 0.8331658909229194 -0.10090951701193024 0.0 0.0 0.0 0.0 0.0 0.0
-2.8010094 3.8899977 2.1942945 -0.022402008141214947 -0.82501223639323 0.5646706649301719 -0.0 0.5646706649301719 0.82501223639323 0.0 0.0 0.0 0.0 0.0 0.0
-2.7620335 4.3239026 2.0908666 0.36578014664793584 0.9249197588298039 0.10357762328047485 0.0 0.10357762328047485 -0.9249197588298039 0.0 0.0 0.0 0.0 0.0 0.0
-3.1609533 4.3244896 1.8962198 -0.3788225945570799 0.1785365381857706 0.9080848784038215 0.0 0.9080848784038215 -0.1785365381857706 0.0 0.0 0.0 0.0 0.0 0.0
-3.4246302 4.161658 2.2207093 0.6848646585222823 -0.718502124026152 0.1213058006736115 -0.0 0.1213058006736115 0.718502124026152 0.0 0.0 0.0 0.0 0.0 0.0
-3.1595445 4.27753 2.566213 -0.19087830261507394 -0.9509496022405464 0.2434344420769891 -0.0 0.2434344420769891 0.9509496022405464 0.0 0.0 0.0 0.0 0.0 0.0
-2.9639587 4.658723 2.447171 -0.7864842719434525 0.45834417745867867 0.4139602698029182 0.0 0.4139602698029182 -0.45834417745867867 0.0 0.0 0.0 0.0 0.0 0.0
-2.8551302 4.765673 2.8728578 -0.5694582360695559 -0.4828780419994117 0.6652413952298553 -0.0 0.6652413952298553 0.4828780419994117 0.0 0.0 0.0 0.0 0.0 0.0
-2.6478047 4.379784 2.980277 0.005938786254944507 -0.8510520910734338 -0.5250476826892524 0.0 -0.5250476826892524 0.8510520910734338 0.0 0.0 0.0 0.0 0.0 0.0
-2.2005165 4.3943415 2.9692419 0.06530618419743225 0.8790865802458944 0.4721672232770396 0.0 0.4721672232770396 -0.8790865802458944 0.0 0.0 0.0 0.0 0.0 0.0
-1.95398 4.0238323 2.9213433 -0.7413549348785213 -0.4850580185464875 -0.46380122808701024 0.0 -0.46380122808701024 0.4850580185464875 0.0 0.0 0.0 0.0 0.0 0.0
-1.5507163 3.8986852 3.061517 0.27973149561575283 -0.24946416048325668 0.9271018946129699 -0.0 0.9271018946129699 0.24946416048325668 0.0 0.0 0.0 0.0 0.0 0.0
-1.4583236 3.5228927 2.8329422 0.6037651676114943 0.7221309204234151 -0.33763079857663414 0.0 -0.33763079857663414 -0.7221309204234151 0.0 0.0 0.0 0.0 0.0 0.0
-1.1748064 3.2208266 3.0054004 -0.25927510386275204 -0.6493820135103154 0.7148981892872912 -0.0 0.7148981892872912 0.6493820135103154 0.0 0.0 0.0 0.0 0.0 0.0
-1.0410895 2.8622918 2.782461 0.14478134894293096 0.5750883928276144 -0.8051780557325299 0.0 -0.8051780557325299 -0.5750883928276144 0.0 0.0 0.0 0.0 0.0 0.0
-0.7382015 2.8618224 2.457737 0.10579134918616795 0.9177398911333888 -0.3828337532922692 0.0 -0.3828337532922692 -0.9177398911333888 0.0 0.0 0.0 0.0 0.0 0.0
-0.6884246 3.3115757 2.418056 0.22423584159921783 0.6108133721596846 0.759358486969893 0.0 0.759358486969893 -0.6108133721596846 0.0 0.0 0.0 0.0 0.0 0.0
-0.2871566 3.3646398 2.240432 -0.23029239384293707 -0.34260622928885354 -0.9108163288998299 0.0 -0.9108163288998299 0.34260622928885354 0.0 0.0 0.0 0.0 0.0 0.0
-0.029936608 3.6529703 2.0191362 0.9245697903585912 0.3231678659836643 0.20182475852044307 0.0 0.20182475852044307 -0.3231678659836643 0.0 0.0 0.0 0.0 0.0 0.0
-0.20814745 3.5248885 1.638765 0.40526734960867805 -0.8762226179669098 -0.26075332999670886 0.0 -0.26075332999670886 0.8762226179669098 0.0 0.0 0.0 0.0 0.0 0.0
-0.63559526 3.5959146 1.7333882 -0.34303215476037274 -0.5433255067750239 0.7662416945638753 -0.0 0.7662416945638753 0.5433255067750239 0.0 0.0 0.0 0.0 0.0 0.0
-0.63489085 3.8963373 2.059756 0.37475119024653725 0.85782227051317 0.3517136585639426 0.0 0.3517136585639426 -0.85782227051317 0.0 0.0 0.0 0.0 0.0 0.0
-0.7372623 4.2386713 1.7900916 0.08333125452991832 0.6637763005903367 -0.7432744612813474 0.0 -0.7432744612813474 -0.6637763005903367 0.0 0.0 0.0 0.0 0.0 0.0
-1.0797137 4.0058703 1.6170462 0.020875883605089192 -0.3522180034551978 -0.9356851369588709 0.0 -0.9356851369588709 0.3522180034551978 0.0 0.0 0.0 0.0 0.0 0.0
-1.2599202 3.9698286 2.0213666 -0.1269543770832963 -0.9086122394320514 0.39787734855563817 -0.0 0.39787734855563817 0.9086122394320514 0.0 0.0 0.0 0.0 0.0 0.0
-1.2218832 4.4113646 2.0853488 0.5776988155252213 0.18368419889280194 0.7953138962811263 0.0 0.7953138962811263 -0.18368419889280194 0.0 0.0 0.0 0.0 0.0 0.0
-1.3772013 4.5017614 1.6764499 0.7469496406109664 0.17082091826328108 -0.6425624080778751 0.0 -0.6425624080778751 -0.17082091826328108 0.0 0.0 0.0 0.0 0.0 0.0
-1.7279879 4.241254 1.7845739 -0.5039081345405139 0.09578014884149336 0.8584304019731599 0.0 0.8584304019731599 -0.09578014884149336 0.0 0.0 0.0 0.0 0.0 0.0
-1.8241372 4.505753 2.1351259 0.1382286134478737 -0.3700328858351161 0.9186775897042522 -0.0 0.9186775897042522 0.3700328858351161 0.0 0.0 0.0 0.0 0.0 0.0
-1.6433436 4.310284 2.4933085 0.9874456546013158 -0.10542748452267843 -0.11762705775543068 0.0 -0.11762705775543068 0.10542748452267843 0.0 0.0 0.0 0.0 0.0 0.0
-1.549777 4.5628085 2.856187 0.04081944159095841 0.28783080156167373 0.9568109546094081 0.0 0.9568109546094081 -0.28783080156167373 0.0 0.0 0.0 0.0 0.0 0.0
-1.1759803 4.343156 2.9665418 -0.532707211332412 -0.8460473087839137 -0.020663453098213984 0.0 -0.020663453098213984 0.8460473087839137 0.0 0.0 0.0 0.0 0.0 0.0
-0.98720366 3.94224 2.90209 0.9131475025547802 0.19674244137076605 -0.35700707323726577 0.0 -0.35700707323726577 -0.19674244137076605 0.0 0.0 0.0 0.0 0.0 0.0
-0.866518 3.6211553 3.1907728 0.20335070463496116 -0.43389893771061 -0.8777130526419606 0.0 -0.8777130526419606 0.43389893771061 0.0 0.0 0.0 0.0 0.0 0.0
-0.48591217 3.4363701 3.045316 0.8714004652070697 0.4827236692839123 -0.08740187841218668 0.0 -0.08740187841218668 -0.4827236692839123 0.0 0.0 0.0 0.0 0.0 0.0
-0.3187368 3.0594037 3.2109652 0.7977387228287022 0.21124772721637466 -0.5647896314961415 0.0 -0.5647896314961415 -0.21124772721637466 0.0 0.0 0.0 0.0 0.0 0.0
-0.021131722 2.794083 3.0122097 0.06891370358087287 -0.19269765200696437 -0.9788352856174375 0.0 -0.9788352856174375 0.19269765200696437 0.0 0.0 0.0 0.0 0.0 0.0
0.064686544 3.0622213 2.6548488 0.3988854477248237 0.8641921599984295 0.3066957942173579 0.0 0.3066957942173579 -0.8641921599984295 0.0 0.0 0.0 0.0 0.0 0.0
0.21483916 3.3498476 2.964898 0.01918501366018304 0.720157173689851 0.6935456585069973 0.0 0.6935456585069973 -0.720157173689851 0.0 0.0 0.0 0.0 0.0 0.0
0.33939895 3.109885 3.322024 -0.2970842695645119 -0.5837645988515584 0.7556188390352636 -0.0 0.7556188390352636 0.5837645988515584 0.0 0.0 0.0 0.0 0.0 0.0
0.5517727 2.7586288 3.1394696 -0.06188244947552094 -0.7798339257303863 -0.6229202282209527 0.0 -0.6229202282209527 0.7798339257303863 0.0 0.0 0.0 0.0 0.0 0.0
0.99765205 2.7750647 3.1185727 -0.029546057129736417 0.15155000652149916 0.9880079078789906 0.0 0.9880079078789906 -0.15155000652149916 0.0 0.0 0.0 0.0 0.0 0.0
1.3496127 2.9340222 3.3418643 0.39679451445683345 0.5351057566162186 -0.7457988619816673 0.0 -0.7457988619816673 -0.5351057566162186 0.0 0.0 0.0 0.0 0.0 0.0
1.2864523 3.3141584 3.5784225 0.8848731709509099 -0.34764804122555326 0.31006501054346314 -0.0 0.31006501054346314 0.34764804122555326 0.0 0.0 0.0 0.0 0.0 0.0
1.5145575 3.539094 3.262738 0.7921885799419385 -0.6089904268132925 0.03959689204140605 -0.0 0.03959689204140605 0.6089904268132925 0.0 0.0 0.0 0.0 0.0 0.0
1.2485327 3.3696878 2.9449403 0.11331063062772555 -0.9574271182116031 -0.2655070889821441 0.0 -0.2655070889821441 0.9574271182116031 0.0 0.0 0.0 0.0 0.0 0.0
0.8800188 3.464663 3.1786807 -0.524624849604142 0.12113926999864832 0.8426707805792402 0.0 0.8426707805792402 -0.12113926999864832 0.0 0.0 0.0 0.0 0.0 0.0
1.0113877 3.8882368 3.2446587 0.8518205921841359 0.33195061796270664 0.405228905638832 0.0 0.405228905638832 -0.33195061796270664 0.0 0.0 0.0 0.0 0.0 0.0
1.0773656 3.9569147 2.8073492 0.8815464505641547 0.3705344283115531 -0.29254075431223436 0.0 -0.29254075431223436 -0.3705344283115531 0.0 0.0 0.0 0.0 0.0 0.0
0.68619394 3.7709556 2.7062693 -0.18622638542670897 -0.9782290784316937 0.09158386037715498 -0.0 0.09158386037715498 0.9782290784316937 0.0 0.0 0.0 0.0 0.0 0.0
0.4863818 4.0436726 3.0011742 0.2448423420946553 0.9097761290518774 -0.3352008689203914 0.0 -0.3352008689203914 -0.9097761290518774 0.0 0.0 0.0 0.0 0.0 0.0
0.6928857 4.388119 2.8000705 0.9437716100475246 0.24857695380724948 0.21795560581047638 0.0 0.21795560581047638 -0.24857695380724948 0.0 0.0 0.0 0.0 0.0 0.0
0.5559991 4.2299833 2.4078424 -0.99922686770189 -0.035973267006612256 0.015861617935782737 -0.0 0.015861617935782737 0.035973267006612256 0.0 0.0 0.0 0.0 0.0 0.0
0.13019489 4.19359 2.54062 -0.3891488612967556 -0.916655840071584 0.09113305994038144 -0.0 0.09113305994038144 0.916655840071584 0.0 0.0 0.0 0.0 0.0 0.0
0.11986381 4.6061287 2.7203572 0.35473042124286497 0.825187826280231 0.4395809136026803 0.0 0.4395809136026803 -0.825187826280231 0.0 0.0 0.0 0.0 0.0 0.0
0.28868282 4.7862177 2.336112 0.6682161026808489 0.06256085532694579 -0.741332165428412 0.0 -0.741332165428412 -0.06256085532694579 0.0 0.0 0.0 0.0 0.0 0.0
0.014792207 4.558582 2.0676217 0.016261069177676914 -0.6946492200786014 -0.7191648202417785 0.0 -0.7191648202417785 0.6946492200786014 0.0 0.0 0.0 0.0 0.0 0.0
-0.34526885 4.663184 2.3106365 -0.4058151224190627 -0.2512256004361798 0.8787489881083688 -0.0 0.8787489881083688 0.2512256004361798 0.0 0.0 0.0 0.0 0.0 0.0
-0.23338813 5.100728 2.3280113 0.6139103464511942 0.660304118163915 0.4325650911203414 0.0 0.4325650911203414 -0.660304118163915 0.0 0.0 0.0 0.0 0.0 0.0
-0.19429445 5.077366 1.8823668 -0.9789615481996894 0.0937768020655004 -0.18121864843562696 0.0 -0.18121864843562696 -0.0937768020655004 0.0 0.0 0.0 0.0 0.0 0.0
-0.5986147 4.917704 1.7946702 -0.5245330856157739 -0.6105893516192002 0.5933343794047669 -0.0 0.5933343794047669 0.6105893516192002 0.0 0.0 0.0 0.0 0.0 0.0
-2.081592 -0.5058699 3.7585115 -0.7715742083309233 -0.23601264215817327 -0.5907379061648467 0.0 -0.5907379061648467 0.23601264215817327 0.0 0.0 0.0 0.0 0.0 0.0
-1.7447759 -0.22552244 3.8201458 0.7650319444989027 0.4821722451209306 0.42689114529499117 0.0 0.42689114529499117 -0.4821722451209306 0.0 0.0 0.0 0.0 0.0 0.0
-1.4617282 -0.5652735 3.7893875 -0.10528765013774963 -0.09601884436697478 0.9897953789823943 -0.0 0.9897953789823943 0.09601884436697478 0.0 0.0 0.0 0.0 0.0 0.0
-1.6834939 -0.75510687 3.4517496 -0.747099294947629 -0.6606814938881309 0.07309314005092091 -0.0 0.07309314005092091 0.6606814938881309 0.0 0.0 0.0 0.0 0.0 0.0
-1.6777414 -0.37544027 3.2093215 -0.8321204602155382 0.5503034662521922 -0.06885952890852023 0.0 -0.06885952890852023 -0.5503034662521922 0.0 0.0 0.0 0.0 0.0 0.0
-1.2454802 -0.33364642 3.2998357 0.805761557191656 -0.1623655925819038 0.5695487049389235 -0.0 0.5695487049389235 0.1623655925819038 0.0 0.0 0.0 0.0 0.0 0.0
-1.1628317 -0.7513501 3.1596622 -0.07186484447795165 -0.9951832393494227 0.06667656444471037 -0.0 0.06667656444471037 0.9951832393494227 0.0 0.0 0.0 0.0 0.0 0.0
-1.4182907 -0.76942945 2.7932615 -0.5487339602851427 -0.7836543591715182 0.29116470627680985 -0.0 0.29116470627680985 0.7836543591715182 0.0 0.0 0.0 0.0 0.0 0.0
-1.3843626 -0.33951634 2.661423 0.9937256043970889 0.05532723891275206 -0.0972024680753104 0.0 -0.0972024680753104 -0.05532723891275206 0.0 0.0 0.0 0.0 0.0 0.0
-1.7254051 -0.36417 2.377084 -0.13226132072381416 -0.6279940180372374 -0.7668966399390718 0.0 -0.7668966399390718 0.6279940180372374 0.0 0.0 0.0 0.0 0.0 0.0
-2.166471 -0.38471475 2.4207563 -0.5043445904529076 0.8258604480782272 0.2521726677911759 0.0 0.2521726677911759 -0.8258604480782272 0.0 0.0 0.0 0.0 0.0 0.0
-2.421343 -0.46513268 2.0697348 -0.7766804292105371 -0.22226529260914768 0.5893773414228832 -0.0 0.5893773414228832 0.22226529260914768 0.0 0.0 0.0 0.0 0.0 0.0
-2.7627378 -0.18314159 2.06093 0.004244169247551726 0.8710109828935119 -0.49124520832907553 0.0 -0.49124520832907553 -0.8710109828935119 0.0 0.0 0.0 0.0 0.0 0.0
-3.0671518 -0.426626 1.8505518 -0.44497093498901097 -0.8953768193528425 -0.017355644055828873 0.0 -0.017355644055828873 0.8953768193528425 0.0 0.0 0.0 0.0 0.0 0.0
-3.3945763 -0.22352666 1.6291384 0.16513831468321397 0.934046651272507 0.3166799492708744 0.0 0.3166799492708744 -0.934046651272507 0.0 0.0 0.0 0.0 0.0 0.0
-3.6456916 -0.48039448 1.3577131 -0.8029804571358901 0.15450677009032987 0.5756301272988509 0.0 0.5756301272988508 -0.15450677009032984 0.0 0.0 0.0 0.0 0.0 0.0
-4.056469 -0.49459973 1.1797371 0.07071974394925638 0.2930861409242939 -0.9534669537083373 0.0 -0.9534669537083373 -0.2930861409242939 0.0 0.0 0.0 0.0 0.0 0.0
-4.1810284 -0.89058465 1.350317 0.8234113850070028 -0.536731927363364 -0.1841535478606316 0.0 -0.1841535478606316 0.536731927363364 0.0 0.0 0.0 0.0 0.0 0.0
-4.111059 -1.186194 1.6802067 -0.2659115988998468 -0.8763430465267763 0.40163900006684533 -0.0 0.40163900006684533 0.8763430465267763 0.0 0.0 0.0 0.0 0.0 0.0
-3.937779 -1.4698287 1.3874149 -0.8971705090215686 0.07330792062353099 -0.43555829290214826 0.0 -0.43555829290214826 -0.07330792062353099 0.0 0.0 0.0 0.0 0.0 0.0
-3.6552007 -1.1725757 1.2087345 0.1990207934956019 0.94839899375685 -0.24684017581701623 0.0 -0.24684017581701623 -0.94839899375685 0.0 0.0 0.0 0.0 0.0 0.0
-3.5262973 -1.0367458 1.6155201 0.37655420157979463 -0.8032120965462318 0.4615812617886587 -0.0 0.4615812617886587 0.8032120965462318 0.0 0.0 0.0 0.0 0.0 0.0
-3.4441183 -1.4540972 1.7544024 -0.6829572111437107 -0.7009701947953993 0.20545129290249084 -0.0 0.20545129290249084 0.7009701947953993 0.0 0.0 0.0 0.0 0.0 0.0
-3.2196524 -1.5608125 1.380958 -0.36218674552826563 -0.21874480290940634 -0.9060747610234866 0.0 -0.9060747610234866 0.21874480290940634 0.0 0.0 0.0 0.0 0.0 0.0
-2.968537 -1.1911247 1.4131252 -0.24967963422486186 0.8143040474871341 -0.5239933191362373 0.0 -0.5239933191362373 -0.8143040474871341 0.0 0.0 0.0 0.0 0.0 0.0
-2.8878846 -1.2677859 1.8504344 0.4401717719398161 -0.8900990382714913 0.11820538589899 -0.0 0.11820538589899 0.8900990382714913 0.0 0.0 0.0 0.0 0.0 0.0
-2.7492368 -1.6802067 1.7458323 0.11510420842739276 -0.9608719461459814 -0.25194468502418854 0.0 -0.25194468502418854 0.9608719461459814 0.0 0.0 0.0 0.0 0.0 0.0
-2.5082178 -1.5186664 1.4013853 0.689028333821728 0.5426627497428707 0.4803718301819538 0.0 0.4803718301819538 -0.5426627497428707 0.0 0.0 0.0 0.0 0.0 0.0
-2.3055882 -1.2230572 1.6670581 -0.03468560868684613 0.5758964741392691 0.8167864834973588 0.0 0.8167864834973588 -0.5758964741392691 0.0 0.0 0.0 0.0 0.0 0.0
-2.2299836 -1.5266495 1.9915473 0.08215576797750497 -0.7086976865960006 0.7007125079528004 -0.0 0.7007125079528004 0.7086976865960006 0.0 0.0 0.0 0.0 0.0 0.0
-2.0737262 -1.8230807 1.6939423 -0.593423130163915 -0.54099737538876 -0.5959621031650708 0.0 -0.5959621031650708 0.54099737538876 0.0 0.0 0.0 0.0 0.0 0.0
-1.7970182 -1.4980043 1.558582 0.4858321853113458 0.36642461327749537 0.7935364456028722 0.0 0.7935364456028722 -0.36642461327749537 0.0 0.0 0.0 0.0 0.0 0.0
-1.6385303 -1.429561 1.9718245 -0.3534567111687135 0.7875602395881618 0.5047942376351319 0.0 0.5047942376351319 -0.7875602395881618 0.0 0.0 0.0 0.0 0.0 0.0
-1.8965721 -1.1084763 2.1429913 -0.8553774263837672 0.4139505308188905 -0.3114071554538235 0.0 -0.3114071554538235 -0.4139505308188905 0.0 0.0 0.0 0.0 0.0 0.0
-2.0328715 -1.2331533 2.551186 0.603533391866063 -0.7529474367948569 0.262331092946872 -0.0 0.262331092946872 0.7529474367948569 0.0 0.0 0.0 0.0 0.0 0.0
-2.2518196 -0.86229163 2.679385 0.6754356557391181 0.6326042541279766 0.37894397028512555 0.0 0.37894397028512555 -0.6326042541279766 0.0 0.0 0.0 0.0 0.0 0.0
-2.6386476 -0.83493775 2.4705331 -0.36529921893783746 -0.9058526346603573 -0.21444692798521323 0.0 -0.21444692798521323 0.9058526346603573 0.0 0.0 0.0 0.0 0.0 0.0
-2.9245126 -0.5031698 2.5268843 0.026717226612106987 0.993592464155941 -0.10981896454930955 0.0 -0.10981896454930955 -0.993592464155941 0.0 0.0 0.0 0.0 0.0 0.0
-3.3409252 -0.58147454 2.3775537 -0.5182932029537581 -0.8196443194479505 0.24403963892909034 -0.0 0.24403963892909034 0.8196443194479505 0.0 0.0 0.0 0.0 0.0 0.0
-3.520075 -0.18032403 2.3115757 -0.12201282892663298 0.05426842704366957 -0.9910437969149124 0.0 -0.9910437969149124 -0.05426842704366957 0.0 0.0 0.0 0.0 0.0 0.0
-3.948462 -0.10918056 2.4024422 -0.3961358720800449 -0.33286122446669103 0.8557334725823909 -0.0 0.8557334725823909 0.33286122446669103 0.0 0.0 0.0 0.0 0.0 0.0
-4.0143228 0.03240197 1.9839164 0.6882100354178569 0.2591848382044652 -0.67763571835838 0.0 -0.67763571835838 -0.2591848382044652 0.0 0.0 0.0 0.0 0.0 0.0
-3.9990609 -0.40502468 1.8833059 0.27813426963104676 -0.7416938587605941 0.6103536253137389 -0.0 0.6103536253137389 0.7416938587605941 0.0 0.0 0.0 0.0 0.0 0.0
-4.4242783 -0.5556469 1.8683964 0.5846766765026126 -0.45420544194030704 -0.6721983341735307 0.0 -0.6721983341735307 0.45420544194030704 0.0 0.0 0.0 0.0 0.0 0.0
-4.500705 -0.8132191 2.2305708 -0.6406971054452629 -0.6309762724092346 -0.43746561319789357 0.0 -0.43746561319789357 0.6309762724092346 0.0 0.0 0.0 0.0 0.0 0.0
-4.085114 -0.7232919 2.3768492 0.14985317344896695 -0.41609348421438985 0.8968892009616367 -0.0 0.8968892009616367 0.41609348421438985 0.0 0.0 0.0 0.0 0.0 0.0
-4.216835 -0.9328481 2.7511153 -0.771969410811234 -0.0865458645352885 0.6297404561433193 -0.0 0.6297404561433193 0.0865458645352885 0.0 0.0 0.0 0.0 0.0 0.0
-4.275534 -1.3182672 2.5390937 -0.2794541917206989 -0.48898345291798473 -0.826317455644098 0.0 -0.826317455644098 0.48898345291798473 0.0 0.0 0.0 0.0 0.0 0.0
-3.886593 -1.2819911 2.3229632 0.763265696528159 0.5528430586994708 -0.3343501591912257 0.0 -0.3343501591912257 -0.5528430586994708 0.0 0.0 0.0 0.0 0.0 0.0
-3.6621273 -1.2347969 2.7131958 0.045370040816294845 0.6646090022175858 0.745812599496464 0.0 0.745812599496464 -0.6646090022175858 0.0 0.0 0.0 0.0 0.0 0.0
-3.8855367 -1.5865227 2.885889 -0.8194808343589562 -0.5336117728886632 0.2090685006235194 -0.0 0.2090685006235194 0.5336117728886632 0.0 0.0 0.0 0.0 0.0 0.0
-3.8092275 -1.8445644 2.5275888 -0.6496431811164315 -0.04317430476243089 -0.7590123297003839 0.0 -0.7590123297003839 0.04317430476243089 0.0 0.0 0.0 0.0 0.0 0.0
-3.3683963 -1.7385536 2.5400329 0.4333578160257191 0.7417557063527621 -0.5118588432200172 0.0 -0.5118588432200172 -0.7417557063527621 0.0 0.0 0.0 0.0 0.0 0.0
-3.34703 -1.8389294 2.9785163 -0.1149908746650652 -0.9593899468669702 0.2575811107095305 -0.0 0.2575811107095305 0.9593899468669702 0.0 0.0 0.0 0.0 0.0 0.0
-3.1540267 -2.233623 2.874384 0.043800336237063836 -0.06914549028115685 -0.9966445864596359 0.0 -0.9966445864596359 0.06914549028115685 0.0 0.0 0.0 0.0 0.0 0.0
-2.8066447 -2.02031 2.6888945 0.20376684785793406 0.4863202072298646 -0.849689194796511 0.0 -0.849689194796511 -0.4863202072298646 0.0 0.0 0.0 0.0 0.0 0.0
-2.7088518 -1.8876498 3.1033108 -0.6885305220797727 0.46247918056723925 0.5586042675332964 0.0 0.5586042675332964 -0.46247918056723925 0.0 0.0 0.0 0.0 0.0 0.0
-2.5866401 -2.3172107 3.1701105 -0.673395603126165 -0.7265032570662691 0.13686262880147831 -0.0 0.13686262880147831 0.7265032570662691 0.0 0.0 0.0 0.0 0.0 0.0
-2.2904437 -2.2574549 2.8383424 -0.35591923094405103 -0.38055697524599325 -0.8535208782659132 0.0 -0.8535208782659132 0.38055697524599325 0.0 0.0 0.0 0.0 0.0 0.0
-2.144048 -1.8851844 3.0373328 -0.3059485699065575 0.8375607566670338 -0.4526449507765201 0.0 -0.4526449507765201 -0.8375607566670338 0.0 0.0 0.0 0.0 0.0 0.0
-2.3820148 -1.5767785 2.8172107 -0.6477904857637443 -0.11662524284049769 0.7528386542190613 -0.0 0.7528386542190613 0.11662524284049769 0.0 0.0 0.0 0.0 0.0 0.0
-2.5059874 -1.2222353 3.0514207 0.8145275285563667 0.5503823760619708 0.18336887779619768 0.0 0.18336887779619765 -0.5503823760619707 0.0 0.0 0.0 0.0 0.0 0.0
-2.9094858 -1.0899273 2.911834 -0.6233782843597001 -0.7640909083613651 -0.1660258966193557 0.0 -0.1660258966193557 0.7640909083613651 0.0 0.0 0.0 0.0 0.0 0.0
-3.069852 -0.6910073 3.0282931 -0.45199893745882674 -0.10260081471247962 -0.8860982075122525 0.0 -0.8860982075122525 0.10260081471247962 0.0 0.0 0.0 0.0 0.0 0.0
-3.370392 -0.39903736 2.8919938 0.3658355455487638 0.7631087152661741 0.5327564568335591 0.0 0.532756456833559 -0.7631087152661739 0.0 0.0 0.0 0.0 0.0 0.0
-3.3169758 0.0 2.6947641 -0.9839851573793809 -0.1099718279105311 -0.14028331020863366 0.0 -0.14028331020863366 0.1099718279105311 0.0 0.0 0.0 0.0 0.0 0.0
-3.5761917 0.34843862 2.578305 -0.6763703558716703 -0.15617369559548575 -0.7198145028422801 0.0 -0.7198145028422801 0.15617369559548575 0.0 0.0 0.0 0.0 0.0 0.0
-3.7791739 0.30183142 2.971942 0.3872963242407996 -0.07663255097558076 0.9187649369455392 -0.0 0.9187649369455392 0.07663255097558076 0.0 0.0 0.0 0.0 0.0 0.0
-4.0313454 0.6648275 3.0281758 -0.635161034353591 0.32853171421807387 -0.6990260175356927 0.0 -0.6990260175356927 -0.32853171421807387 0.0 0.0 0.0 0.0 0.0 0.0
-4.3233156 0.5656258 3.3520782 -0.15126873024553095 -0.9749542731173853 -0.1630396779316493 0.0 -0.1630396779316493 0.9749542731173853 0.0 0.0 0.0 0.0 0.0 0.0
-4.325429 0.32777646 3.7272837 -0.28012189200980253 -0.25782812357409096 0.924692589086293 -0.0 0.924692589086293 0.25782812357409096 0.0 0.0 0.0 0.0 0.0 0.0
-4.6385303 0.062338583 3.5451987 -0.7278164916713963 0.6857564710307255 0.004606179612911668 0.0 0.004606179612911668 -0.6857564710307255 0.0 0.0 0.0 0.0 0.0 0.0
-4.349848 -0.051420525 3.2209442 0.27865322772040635 0.5780947071122944 -0.7669151767240951 0.0 -0.7669151767240951 -0.5780947071122944 0.0 0.0 0.0 0.0 0.0 0.0
-4.0307584 -0.095914535 3.523245 0.3463726033950952 -0.32367349675434104 0.8804893452598513 -0.0 0.8804893452598513 0.32367349675434104 0.0 0.0 0.0 0.0 0.0 0.0
-4.284926 -0.3802536 3.7602725 -0.6512376118035799 -0.1488422237476814 0.7441341044477231 -0.0 0.7441341044477231 0.1488422237476814 0.0 0.0 0.0 0.0 0.0 0.0
-4.375675 -0.63289505 3.3998594 -0.6823297406643762 0.3251433989991048 -0.6547578904390492 0.0 -0.6547578904390492 -0.3251433989991048 0.0 0.0 0.0 0.0 0.0 0.0
-3.943766 -0.65379196 3.2825782 0.47527771348412307 -0.4322448812153901 0.7663389966120719 -0.0 0.7663389966120719 0.4322448812153901 0.0 0.0 0.0 0.0 0.0 0.0
-3.8113408 -0.7742428 3.6959383 -0.01692748233646863 0.0468954876219696 0.9987563634753205 0.0 0.9987563634753205 -0.0468954876219696 0.0 0.0 0.0 0.0 0.0 0.0
-4.157901 -1.0649214 3.7281055 -0.955021179473374 0.28724945783407074 0.07363623925295337 0.0 0.07363623925295337 -0.28724945783407074 0.0 0.0 0.0 0.0 0.0 0.0
-4.0192533 -1.2511153 3.3459735 0.6859794492459579 0.3117297019425158 -0.6574623853415817 0.0 -0.6574623853415817 -0.3117297019425158 0.0 0.0 0.0 0.0 0.0 0.0
-3.594623 -1.2981921 3.4837992 0.6727580082495732 0.6614192721884848 -0.33154367542410196 0.0 -0.33154367542410196 -0.6614192721884848 0.0 0.0 0.0 0.0 0.0 0.0
-3.382719 -0.92404324 3.369336 -0.018881738455232992 0.2530882688515894 0.9672589147289437 0.0 0.9672589147289437 -0.2530882688515894 0.0 0.0 0.0 0.0 0.0 0.0
-2.9886124 -0.90631604 3.5776007 0.5764258412440638 -0.7523030210931496 -0.319019457087171 0.0 -0.319019457087171 0.7523030210931496 0.0 0.0 0.0 0.0 0.0 0.0
-2.9363701 -0.46912423 3.498122 0.4074357040162011 -0.06785222818438781 -0.9107097354389249 0.0 -0.9107097354389249 0.06785222818438781 0.0 0.0 0.0 0.0 0.0 0.0
-3.1893637 -0.1141113 3.3795495 -0.7163125230358015 0.2847595207839699 0.6370309134296139 0.0 0.6370309134296139 -0.2847595207839699 0.0 0.0 0.0 0.0 0.0 0.0
-3.0579948 0.21061282 3.09568 0.148654383951212 -0.20785478956523962 -0.9667979419645428 0.0 -0.9667979419645428 0.20785478956523962 0.0 0.0 0.0 0.0 0.0 0.0
-3.274008 0.58088756 2.9818034 0.5178362924979659 0.7084972417654034 0.4794551413665063 0.0 0.4794551413665063 -0.7084972417654034 0.0 0.0 0.0 0.0 0.0 0.0
-3.1778586 0.9140644 2.6945293 -0.9830502335233555 0.18323868567542834 0.005985185178248741 0.0 0.005985185178248741 -0.18323868567542834 0.0 0.0 0.0 0.0 0.0 0.0
-3.2643814 1.2187134 3.0156143 -0.8466235786546723 -0.4125299142708131 0.3362254985834232 -0.0 0.3362254985834232 0.4125299142708131 0.0 0.0 0.0 0.0 0.0 0.0
-3.2194178 1.2661424 3.4599674 0.1598923702829752 0.5737121073464939 0.8032987288732238 0.0 0.8032987288732238 -0.5737121073464939 0.0 0.0 0.0 0.0 0.0 0.0
-3.5920405 1.1186899 3.656962 -0.7644210378977793 -0.6418623902362729 0.06060650806192664 -0.0 0.06060650806192664 0.6418623902362729 0.0 0.0 0.0 0.0 0.0 0.0
-3.6263208 1.1830243 4.102489 -0.24902952032464382 0.9134575282456239 0.3218379127732984 0.0 0.3218379127732984 -0.9134575282456239 0.0 0.0 0.0 0.0 0.0 0.0
-3.9745245 0.9015028 4.130078 -0.5594892716148873 0.6670193753847891 -0.49199279243615857 0.0 -0.49199279243615857 -0.6670193753847891 0.0 0.0 0.0 0.0 0.0 0.0
-3.7574549 0.5746655 3.916178 0.2520486516909668 -0.22559441057577895 -0.9410518790681695 0.0 -0.9410518790681695 0.22559441057577895 0.0 0.0 0.0 0.0 0.0 0.0
-3.3896456 0.6588402 4.163184 0.3108426361830479 0.09782095409809433 0.9454141507668012 0.0 0.9454141507668012 -0.09782095409809433 0.0 0.0 0.0 0.0 0.0 0.0
-3.62996 0.59861475 4.540972 0.10413639854051711 0.6939380214788672 0.7124644783040106 0.0 0.7124644783040106 -0.6939380214788672 0.0 0.0 0.0 0.0 0.0 0.0
-3.842334 0.23233153 4.4002113 -0.39836622667374655 -0.767242523973863 -0.502636308728227 0.0 -0.502636308728227 0.767242523973863 0.0 0.0 0.0 0.0 0.0 0.0
-3.456915 0.04320263 4.270956 0.9112841643103269 0.07879984539815947 -0.404167980229082 0.0 -0.404167980229082 -0.07879984539815947 0.0 0.0 0.0 0.0 0.0 0.0
-3.2721295 0.1513266 4.6638885 0.2119227836584016 0.7327242908736509 0.6466868232229415 0.0 0.6466868232229415 -0.7327242908736509 0.0 0.0 0.0 0.0 0.0 0.0
-3.5973234 -0.052711904 4.8972764 -0.8814263092631597 0.46329259674415463 0.09191099575558376 0.0 0.09191099575558376 -0.46329259674415463 0.0 0.0 0.0 0.0 0.0 0.0
-3.6037803 -0.40032873 4.6170464 -0.6498910192571058 -0.5858968683250146 -0.4841141629573553 0.0 -0.4841141629573553 0.5858968683250146 0.0 0.0 0.0 0.0 0.0 0.0
-3.1584878 -0.44458798 4.6297255 0.07049491531729628 -0.42640453347295615 -0.9017813708145217 0.0 -0.9017813708145217 0.42640453347295615 0.0 0.0 0.0 0.0 0.0 0.0
-3.0975583 -0.42322144 4.1849027 -0.6978755801134013 0.38052250222926587 -0.6067720329568281 0.0 -0.6067720329568281 -0.38052250222926587 0.0 0.0 0.0 0.0 0.0 0.0
-2.778117 -0.19218127 3.9747598 0.745377448670036 0.3495145257680763 -0.567672489461366 0.0 -0.567672489461366 -0.3495145257680763 0.0 0.0 0.0 0.0 0.0 0.0
-2.9286218 0.17844564 3.7700164 -0.47986262732081625 0.860174004526279 -0.17272099130675586 0.0 -0.17272099130675586 -0.860174004526279 0.0 0.0 0.0 0.0 0.0 0.0
-2.6914768 0.4171167 3.4812164 0.40206779103342194 -0.11873620985769269 -0.9078784080933605 0.0 -0.9078784080933605 0.11873620985769269 0.0 0.0 0.0 0.0 0.0 0.0
-2.899742 0.8047665 3.3963373 0.8130908612432307 0.19084475246320476 0.5499650278154052 0.0 0.5499650278154052 -0.19084475246320476 0.0 0.0 0.0 0.0 0.0 0.0
-2.789035 1.0505989 3.0385067 -0.43422388198064354 0.6822380295451735 0.5882184044723346 0.0 0.5882184044723346 -0.6822380295451735 0.0 0.0 0.0 0.0 0.0 0.0
-2.6321907 1.4564453 3.0885186 0.9621573336946813 -0.1487838762962232 0.22829065546318805 -0.0 0.22829065546318805 0.1487838762962232 0.0 0.0 0.0 0.0 0.0 0.0
-2.4935431 1.7795259 2.80641 -0.2278987500758614 0.6039979203650991 -0.7637071899023182 0.0 -0.7637071899023182 -0.6039979203650991 0.0 0.0 0.0 0.0 0.0 0.0
-2.3759098 2.1223292 3.0658607 -0.7810588909664469 0.13746696684078727 0.6091386064516499 0.0 0.6091386064516499 -0.13746696684078727 0.0 0.0 0.0 0.0 0.0 0.0
-2.1303122 2.2123737 3.4335525 0.03612110036937396 0.8441729504114233 -0.5348525926849176 0.0 -0.5348525926849176 -0.8441729504114233 0.0 0.0 0.0 0.0 0.0 0.0
-2.5057526 2.3145106 3.657549 -0.8902220878350484 0.41961410264831567 0.1772812431963866 0.0 0.1772812431963866 -0.41961410264831567 0.0 0.0 0.0 0.0 0.0 0.0
-2.6978164 1.9258043 3.5440245 -0.4269944590466693 -0.07562585264245243 -0.9010862679874466 0.0 -0.9010862679874466 0.07562585264245243 0.0 0.0 0.0 0.0 0.0 0.0
-2.3210847 1.7135478 3.6544964 0.9556334042495155 0.04738855099915267 0.2907217259110211 0.0 0.2907217259110211 -0.04738855099915267 0.0 0.0 0.0 0.0 0.0 0.0
-2.318267 1.9032638 4.058347 -0.04147488422241772 0.6640516714734449 0.7465354724271722 0.0 0.7465354724271722 -0.6640516714734449 0.0 0.0 0.0 0.0 0.0 0.0
-2.7478282 1.8054708 4.1335998 -0.9650369823883157 0.17653448187775864 -0.19375035311194952 0.0 -0.19375035311194952 -0.17653448187775864 0.0 0.0 0.0 0.0 0.0 0.0
-2.6627142 1.376849 4.0230103 0.7134145641754644 -0.3385324530478372 0.6135433463543926 -0.0 0.6135433463543926 0.3385324530478372 0.0 0.0 0.0 0.0 0.0 0.0
-2.3100493 1.3675747 4.3065276 0.9303814193125312 0.3659902322804505 0.021013435542573938 0.0 0.021013435542573938 -0.3659902322804505 0.0 0.0 0.0 0.0 0.0 0.0
-2.578422 1.5285279 4.630313 -0.13091091160878207 0.9872454358393029 0.09060233239946242 0.0 0.09060233239946242 -0.9872454358393029 0.0 0.0 0.0 0.0 0.0 0.0
-2.846795 1.1813806 4.5490727 -0.8180253048483918 -0.07312272919681811 -0.5705152645657298 0.0 -0.5705152645657298 0.07312272919681811 0.0 0.0 0.0 0.0 0.0 0.0
-2.5022306 0.9051421 4.6097674 0.3599757601230218 -0.41220201046233323 -0.8369629350781689 0.0 -0.8369629350781689 0.41220201046233323 0.0 0.0 0.0 0.0 0.0 0.0
-2.3646395 0.8311811 4.189364 -0.9599127845791294 -0.01093404684523527 -0.2800855094808161 0.0 -0.2800855094808161 0.01093404684523527 0.0 0.0 0.0 0.0 0.0 0.0
-1.9421226 0.84890825 4.0507164 0.755341295608556 -0.53320809925322 0.3809837923575705 -0.0 0.3809837923575705 0.53320809925322 0.0 0.0 0.0 0.0 0.0 0.0
-1.978751 0.6112938 3.6738675 -0.11123976040958039 -0.9937935658593722 0.0002532992952406475 -0.0 0.0002532992952406475 0.9937935658593722 0.0 0.0 0.0 0.0 0.0 0.0
-2.2094388 0.852078 3.383306 0.2921441639801499 0.8119202139576621 0.5054081060086825 0.0 0.5054081060086825 -0.8119202139576621 0.0 0.0 0.0 0.0 0.0 0.0
-2.3640528 0.7883306 2.976638 -0.8228253670202071 -0.05723558051739654 -0.5654047255823903 0.0 -0.5654047255823903 0.05723558051739654 0.0 0.0 0.0 0.0 0.0 0.0
-2.2274008 1.1343039 2.7263446 0.6920956769226834 0.48481116684828435 -0.5347538746789383 0.0 -0.5347538746789383 -0.48481116684828435 0.0 0.0 0.0 0.0 0.0 0.0
-2.5461376 1.201808 2.4186432 -0.8833100978294652 -0.19643043651631173 -0.42565050767326934 0.0 -0.42565050767326934 0.19643043651631173 0.0 0.0 0.0 0.0 0.0 0.0
-2.5412068 1.319089 2.0871098 -0.05578567258075433 0.9946465444588224 -0.08698396594106862 0.0 -0.08698396594106862 -0.9946465444588224 0.0 0.0 0.0 0.0 0.0 0.0
-2.100258 1.2443062 2.0501294 0.1282619782915431 0.6624281206328454 -0.7380635812174831 0.0 -0.7380635812174831 -0.6624281206328454 0.0 0.0 0.0 0.0 0.0 0.0
-2.0876968 1.3874149 1.6245598 -0.9298983344160421 -0.291266653470191 -0.22461706129888384 0.0 -0.22461706129888384 0.291266653470191 0.0 0.0 0.0 0.0 0.0 0.0
-2.2177742 1.7951399 1.7595681 -0.6003211728529536 0.6339826634869523 0.4875248422618523 0.0 0.4875248422618523 -0.6339826634869523 0.0 0.0 0.0 0.0 0.0 0.0
-1.9567974 1.8533694 2.1121159 0.08435713799483661 -0.414456262529775 0.9061511351420194 -0.0 0.9061511351420194 0.414456262529775 0.0 0.0 0.0 0.0 0.0 0.0
-1.6112938 1.5911013 1.9849731 0.08628270979799808 0.03094659585553941 0.9957899387897371 0.0 0.9957899387897371 -0.03094659585553941 0.0 0.0 0.0 0.0 0.0 0.0
-1.2367927 1.4496361 2.1866639 0.2621619019844706 0.21447307577049143 -0.9408891735573484 0.0 -0.9408891735573484 -0.21447307577049143 0.0 0.0 0.0 0.0 0.0 0.0
-1.1598967 1.8854191 2.2586288 -0.20493656268508498 0.1491465336249478 -0.9673449833345312 0.0 -0.9673449833345312 -0.1491465336249478 0.0 0.0 0.0 0.0 0.0 0.0
-1.4845035 1.8806058 2.5631604 -0.7977146219225897 -0.062416849877611605 0.5997962310837367 -0.0 0.5997962310837368 0.06241684987761161 0.0 0.0 0.0 0.0 0.0 0.0
-1.3146279 1.52031 2.7640293 0.5409187198475297 -0.8408709853620668 0.018518220614750374 -0.0 0.018518220614750374 0.8408709853620668 0.0 0.0 0.0 0.0 0.0 0.0
-0.9081945 1.7109652 2.7842216 0.5935288028429068 -0.058083882284106554 -0.8027140355161806 0.0 -0.8027140355161806 0.058083882284106554 0.0 0.0 0.0 0.0 0.0 0.0
-1.0860531 2.0955625 2.9420054 -0.534001819519299 -0.09719108313702855 0.8398785329490981 -0.0 0.8398785329490981 0.09719108313702855 0.0 0.0 0.0 0.0 0.0 0.0
-1.2926743 1.8788449 3.274243 -0.9840683261534825 -0.03970012796559576 0.1733015559681981 -0.0 0.1733015559681981 0.03970012796559576 0.0 0.0 0.0 0.0 0.0 0.0
-0.90760744 1.6931206 3.4164124 0.6690143604409792 -0.6067622175634166 -0.42925446632652836 0.0 -0.42925446632652836 0.6067622175634166 0.0 0.0 0.0 0.0 0.0 0.0
-0.77142525 2.0885184 3.5749004 -0.4724700982887981 -0.3463424844325144 0.8104436375838157 -0.0 0.8104436375838157 0.3463424844325144 0.0 0.0 0.0 0.0 0.0 0.0
-1.1071848 2.183259 3.855248 -0.63289680307813 -0.19917958920647383 -0.7481772035400592 0.0 -0.7481772035400592 0.19917958920647383 0.0 0.0 0.0 0.0 0.0 0.0
-1.2716601 1.7714252 3.9065511 -0.8406308971427835 0.4850362740155651 -0.24099690383491834 0.0 -0.24099690383491834 -0.4850362740155651 0.0 0.0 0.0 0.0 0.0 0.0
-0.9229866 1.495539 3.9096036 -0.013540682454471419 0.17471599066449436 0.9845257602139171 0.0 0.9845257602139171 -0.17471599066449436 0.0 0.0 0.0 0.0 0.0 0.0
-1.1607186 1.1638882 4.090984 0.32381534101613746 -0.042561295733008424 0.9451625050900665 -0.0 0.9451625050900665 0.042561295733008424 0.0 0.0 0.0 0.0 0.0 0.0
-1.5031698 1.149918 3.8032403 -0.2535471173392055 0.6168345374480995 -0.7451369086954213 0.0 -0.7451369086954213 -0.6168345374480995 0.0 0.0 0.0 0.0 0.0 0.0
-1.4852079 0.8493779 3.4776945 0.2657419117213088 -0.6885105413654702 0.6747847588552451 -0.0 0.6747847588552451 0.6885105413654702 0.0 0.0 0.0 0.0 0.0 0.0
-1.7136652 0.8551304 3.0948582 -0.01585105841166409 0.9989077698703015 0.043954649810581274 0.0 0.043954649810581274 -0.9989077698703015 0.0 0.0 0.0 0.0 0.0 0.0
-1.8889412 0.5556469 2.817798 -0.841929864713993 -0.5184049477429831 0.14970107901505722 -0.0 0.14970107901505722 0.5184049477429831 0.0 0.0 0.0 0.0 0.0 0.0
-1.9828598 0.7839869 2.4491668 0.7441284781119277 -0.6279985057699216 -0.22779526951535295 0.0 -0.22779526951535295 0.6279985057699216 0.0 0.0 0.0 0.0 0.0 0.0
-2.3166237 0.65743136 2.1883073 -0.9653873655479378 0.21704602438496018 0.14463145487443493 0.0 0.14463145487443493 -0.21704602438496018 0.0 0.0 0.0 0.0 0.0 0.0
-2.394576 0.8429209 1.7905612 0.9914827899093717 0.03790981752133798 -0.12459824657284585 0.0 -0.12459824657284585 -0.03790981752133798 0.0 0.0 0.0 0.0 0.0 0.0
-2.1486263 0.8148627 1.4186429 0.8599568435716828 -0.4745280294164885 0.18787596038964813 -0.0 0.18787596038964813 0.4745280294164885 0.0 0.0 0.0 0.0 0.0 0.0
-1.8219067 0.55940366 1.5926275 -0.11689215281843598 -0.8418767987187789 0.5268583114922761 -0.0 0.5268583114922761 0.8418767987187789 0.0 0.0 0.0 0.0 0.0 0.0
-1.6417 0.33963373 1.2475934 0.4328601474727842 0.7827964688328994 -0.44705903537741315 0.0 -0.44705903537741315 -0.7827964688328994 0.0 0.0 0.0 0.0 0.0 0.0
-1.285513 0.12632072 1.0948579 0.1235559176550366 -0.8832662928445838 -0.45229922743357376 0.0 -0.45229922743357376 0.8832662928445838 0.0 0.0 0.0 0.0 0.0 0.0
-1.065391 0.50187844 0.9914299 -0.2532429626727392 0.29322816224945814 -0.9218922099250753 0.0 -0.9218922099250753 -0.29322816224945814 0.0 0.0 0.0 0.0 0.0 0.0
-1.1292558 0.718596 1.3760272 -0.9197815683268109 0.17661647574298925 0.3504404187053746 0.0 0.3504404187053746 -0.17661647574298925 0.0 0.0 0.0 0.0 0.0 0.0
-1.1559051 0.40056354 1.6878376 0.34163884516904225 -0.8813690739674586 0.3262996397872787 -0.0 0.3262996397872787 0.8813690739674586 0.0 0.0 0.0 0.0 0.0 0.0
-0.7237615 0.4402442 1.790209 0.9727171198481874 -0.00909100438802076 -0.23181621684745013 0.0 -0.23181621684745013 0.00909100438802076 0.0 0.0 0.0 0.0 0.0 0.0
-0.7487674 0.88905853 1.8303593 -0.28083797683380396 0.6094898281577588 -0.7413853115216955 0.0 -0.7413853115216955 -0.6094898281577588 0.0 0.0 0.0 0.0 0.0 0.0
-1.0766612 0.8283635 2.1274948 -0.9322397216543044 0.33101953287462715 -0.1461340830380398 0.0 -0.1461340830380398 -0.33101953287462715 0.0 0.0 0.0 0.0 0.0 0.0
-0.81908906 0.5562339 2.365579 -0.42800361114581037 -0.8983144809201643 0.09921694520232789 -0.0 0.09921694520232789 0.8983144809201643 0.0 0.0 0.0 0.0 0.0 0.0
-0.48180324 0.849143 2.3317683 0.5965283472720297 0.07467958202428694 -0.7991100618372782 0.0 -0.7991100618372782 -0.07467958202428694 0.0 0.0 0.0 0.0 0.0 0.0
-0.74994135 1.1621274 2.5118573 -0.47965764522048565 -0.14996141541675442 0.8645461915176901 -0.0 0.8645461915176901 0.14996141541675442 0.0 0.0 0.0 0.0 0.0 0.0
-0.8048838 0.912186 2.87591 -0.9374428365656302 -0.31769275508115785 0.14238062206890634 -0.0 0.14238062206890634 0.31769275508115785 0.0 0.0 0.0 0.0 0.0 0.0
-1.1992252 0.6945293 2.8271897 0.03797148600927796 -0.5224351822932364 -0.8518331095657647 0.0 -0.8518331095657647 0.5224351822932364 0.0 0.0 0.0 0.0 0.0 0.0
-1.2909135 0.3348204 3.070909 -0.44287381402241066 -0.6561056030679355 0.6110550077334314 -0.0 0.6110550077334314 0.6561056030679355 0.0 0.0 0.0 0.0 0.0 0.0
-1.5071614 0.114346094 2.7421932 -0.6088391652632228 0.7855806826690268 -0.11035335001189553 0.0 -0.11035335001189553 -0.7855806826690268 0.0 0.0 0.0 0.0 0.0 0.0
-1.7322142 0.2194177 2.3669877 0.37860175847719074 -0.588626201976233 -0.7142687889198392 0.0 -0.7142687889198392 0.588626201976233 0.0 0.0 0.0 0.0 0.0 0.0
-2.159075 0.14134774 2.2561636 0.2489368689965208 0.5562943544797947 -0.7928221909281535 0.0 -0.7928221909281535 -0.5562943544797947 0.0 0.0 0.0 0.0 0.0 0.0
-2.192416 0.041793853 1.8235502 0.3503434788579856 -0.8569508025360574 -0.3780142442481387 0.0 -0.3780142442481387 0.8569508025360574 0.0 0.0 0.0 0.0 0.0 0.0
-2.583353 0.043907017 1.6094154 0.5835468813638665 -0.3850226841056827 -0.7150038950764964 0.0 -0.7150038950764964 0.3850226841056827 0.0 0.0 0.0 0.0 0.0 0.0
-2.6327777 0.071965255 1.165884 0.5813209754454292 0.4941220340492113 -0.6464590775712293 0.0 -0.6464590775712293 -0.4941220340492113 0.0 0.0 0.0 0.0 0.0 0.0
-2.1975815 0.01760977 1.0610472 0.38869638296783215 -0.8724497104693292 0.2962205674319531 -0.0 0.2962205674319531 0.8724497104693292 0.0 0.0 0.0 0.0 0.0 0.0
-2.2216482 -0.38624093 1.2571026 0.014397160419477016 -0.6472637471705716 0.7621301485773716 -0.0 0.7621301485773716 0.6472637471705716 0.0 0.0 0.0 0.0 0.0 0.0
-2.6465132 -0.50727874 1.2495892 -0.9262274132547617 0.1468999029976892 0.34716451062091963 0.0 0.34716451062091963 -0.1468999029976892 0.0 0.0 0.0 0.0 0.0 0.0
-2.8037097 -0.3742663 0.8487908 -0.43901972042843407 0.8060471821568695 -0.3969252136258291 0.0 -0.3969252136258291 -0.8060471821568695 0.0 0.0 0.0 0.0 0.0 0.0
-2.8061752 -0.6660014 0.50986147 -0.6546813160767104 -0.43746695288644444 0.6164535988315063 -0.0 0.6164535988315063 0.43746695288644444 0.0 0.0 0.0 0.0 0.0 0.0
-2.889176 -1.1030759 0.5010566 0.7256342889873381 -0.3425758844676703 -0.5967383363141954 0.0 -0.5967383363141954 0.3425758844676703 0.0 0.0 0.0 0.0 0.0 0.0
-2.7794082 -1.3896455 0.83493775 -0.7130483642056733 -0.3199108373994705 -0.6238742552934711 0.0 -0.6238742552934711 0.3199108373994705 0.0 0.0 0.0 0.0 0.0 0.0
-2.4187603 -1.5186664 0.5992017 -0.4014485296083351 0.10939934269046114 -0.9093243986027214 0.0 -0.9093243986027214 -0.10939934269046114 0.0 0.0 0.0 0.0 0.0 0.0
-2.283165 -1.1024889 0.5304062 -0.4307833470022113 0.5676548474173085 -0.7015651660032762 0.0 -0.7015651660032762 -0.5676548474173085 0.0 0.0 0.0 0.0 0.0 0.0
-2.3568914 -1.0030524 0.9633717 -0.481415102553291 -0.05824344939293461 0.8745554297106714 -0.0 0.8745554297106714 0.05824344939293461 0.0 0.0 0.0 0.0 0.0 0.0
-2.128434 -1.3599436 1.1168115 -0.05976410893600728 -0.9593701420941532 -0.2757484029714943 0.0 -0.2757484029714943 0.9593701420941532 0.0 0.0 0.0 0.0 0.0 0.0
-1.7889177 -1.239258 0.85243016 0.4251808067958001 -0.6840702367784995 -0.5926796712274517 0.0 -0.5926796712274517 0.6840702367784995 0.0 0.0 0.0 0.0 0.0 0.0
-1.798427 -0.80828834 0.9685373 -0.7117425144615229 0.6291178552061734 -0.3124633056356751 0.0 -0.3124633056356751 -0.6291178552061734 0.0 0.0 0.0 0.0 0.0 0.0
-1.8014793 -0.9496361 1.395985 0.8883779662438078 -0.43631471746561895 0.14287776739371644 -0.0 0.14287776739371644 0.43631471746561895 0.0 0.0 0.0 0.0 0.0 0.0
-1.4148862 -1.1669407 1.3193239 -0.08075676972089209 -0.8624096783111551 -0.4997278168158111 0.0 -0.4997278168158111 0.8624096783111551 0.0 0.0 0.0 0.0 0.0 0.0
-1.2332708 -0.80206627 1.1291384 0.026643644833480643 0.7699708073168176 0.6375226051442221 0.0 0.6375226051442221 -0.7699708073168176 0.0 0.0 0.0 0.0 0.0 0.0
-1.3359945 -0.5374501 1.4786335 -0.6730021232973515 0.7322277441169003 -0.10445416594244465 0.0 -0.10445416594244465 -0.7322277441169003 0.0 0.0 0.0 0.0 0.0 0.0
-1.165884 -0.82308054 1.7764734 0.2764627123633853 -0.8992506586559962 0.33899354209105126 -0.0 0.33899354209105126 0.8992506586559962 0.0 0.0 0.0 0.0 0.0 0.0
-0.7831651 -0.8467951 1.5379198 0.5211492643676328 -0.19828899980624187 -0.8301113881913171 0.0 -0.8301113881913171 0.19828899980624187 0.0 0.0 0.0 0.0 0.0 0.0
-0.76567274 -0.40690306 1.4645457 0.15312358347593397 0.9106220605688317 -0.38382369779478687 0.0 -0.38382369779478687 -0.9106220605688317 0.0 0.0 0.0 0.0 0.0 0.0
-0.8308289 -0.3332942 1.9060812 -0.7353545008003141 -0.04427255430602989 0.6762349437051747 -0.0 0.6762349437051747 0.04427255430602989 0.0 0.0 0.0 0.0 0.0 0.0
-0.5258277 -0.63794315 2.0234797 -0.28987707912116806 -0.9559237747863184 0.04670134685912442 -0.0 0.04670134685912442 0.9559237747863184 0.0 0.0 0.0 0.0 0.0 0.0
-0.26168114 -0.44364876 1.717422 0.2034774193062802 0.8654443145241484 0.45782428757142546 0.0 0.45782428757142546 -0.8654443145241484 0.0 0.0 0.0 0.0 0.0 0.0
-0.27799955 -0.07783517 1.9713547 -0.8381702219069042 0.3841709816812423 0.38714769267374166 0.0 0.38714769267374166 -0.3841709816812423 0.0 0.0 0.0 0.0 0.0 0.0
