t = 0
b = 22.5 22.5 22.5
E = 0 0 0
-5.9296784 2.640761 1.2212962 1.0 1.0 0.0 0.0 0.0 -1.0 0.0 0.0 0.0 0.0 0.0 0.0
-5.5063396 2.786335 1.2676685 1.0 1.0 0.0 0.0 0.0 -1.0 0.0 0.0 0.0 0.0 0.0 0.0
-5.2930264 2.4034986 1.1894811 1.0 1.0 0.0 0.0 0.0 -1.0 0.0 0.0 0.0 0.0 0.0 0.0
-5.478516 2.3749707 0.7841042 1.0 1.0 0.0 0.0 0.0 -1.0 0.0 0.0 0.0 0.0 0.0 0.0
-5.371918 2.8024187 0.70192534 1.0 1.0 0.0 0.0 0.0 -1.0 0.0 0.0 0.0 0.0 0.0 0.0
-4.940831 2.7472413 0.79772246 1.0 1.0 0.0 0.0 0.0 -1.0 0.0 0.0 0.0 0.0 0.0 0.0
-4.951045 2.3736794 0.5545903 1.0 1.0 0.0 0.0 0.0 -1.0 0.0 0.0 0.0 0.0 0.0 0.0
-5.1303124 2.5926275 0.21143463 1.0 1.0 0.0 0.0 0.0 -1.0 0.0 0.0 0.0 0.0 0.0 0.0
-4.8842454 2.9675982 0.21014324 1.0 1.0 0.0 0.0 0.0 -1.0 0.0 0.0 0.0 0.0 0.0 0.0
-4.496126 2.7994838 0.3634656 1.0 1.0 0.0 0.0 0.0 -1.0 0.0 0.0 0.0 0.0 0.0 0.0
-4.3266025 3.190538 0.49002117 1.0 1.0 0.0 0.0 0.0 -1.0 0.0 0.0 0.0 0.0 0.0 0.0
-4.3988028 3.4846208 0.8197934 1.0 1.0 0.0 0.0 0.0 -1.0 0.0 0.0 0.0 0.0 0.0 0.0
-4.2210617 3.8976288 0.80500114 1.0 1.0 0.0 0.0 0.0 -1.0 0.0 0.0 0.0 0.0 0.0 0.0
-4.037215 3.9884949 1.2008687 1.0 1.0 0.0 0.0 0.0 -1.0 0.0 0.0 0.0 0.0 0.0 0.0
-4.105541 4.427096 1.2205917 1.0 1.0 0.0 0.0 0.0 -1.0 0.0 0.0 0.0 0.0 0.0 0.0
-3.819911 4.672576 1.4597324 1.0 1.0 0.0 0.0 0.0 -1.0 0.0 0.0 0.0 0.0 0.0 0.0
-3.8258982 5.120216 1.4166471 1.0 1.0 0.0 0.0 0.0 -1.0 0.0 0.0 0.0 0.0 0.0 0.0
-3.74278 5.4874387 1.6513267 1.0 1.0 0.0 0.0 0.0 -1.0 0.0 0.0 0.0 0.0 0.0 0.0
-4.1374736 5.687016 1.6143461 1.0 1.0 0.0 0.0 0.0 -1.0 0.0 0.0 0.0 0.0 0.0 0.0
-4.5664477 5.6053066 1.5568209 1.0 1.0 0.0 0.0 0.0 -1.0 0.0 0.0 0.0 0.0 0.0 0.0
-4.54602 5.8147454 1.1600142 1.0 1.0 0.0 0.0 0.0 -1.0 0.0 0.0 0.0 0.0 0.0 0.0
-4.197582 5.5726695 1.0171402 1.0 1.0 0.0 0.0 0.0 -1.0 0.0 0.0 0.0 0.0 0.0 0.0
-4.383306 5.1880727 1.1522658 1.0 1.0 0.0 0.0 0.0 -1.0 0.0 0.0 0.0 0.0 0.0 0.0
-4.7634425 5.2768254 0.9333177 1.0 1.0 0.0 0.0 0.0 -1.0 0.0 0.0 0.0 0.0 0.0 0.0
-4.5453157 5.382837 0.5597558 1.0 1.0 0.0 0.0 0.0 -1.0 0.0 0.0 0.0 0.0 0.0 0.0
-4.308171 5.0044613 0.575135 1.0 1.0 0.0 0.0 0.0 -1.0 0.0 0.0 0.0 0.0 0.0 0.0
-4.668584 4.7500587 0.6633012 1.0 1.0 0.0 0.0 0.0 -1.0 0.0 0.0 0.0 0.0 0.0 0.0
-4.8700404 4.927918 0.31004933 1.0 1.0 0.0 0.0 0.0 -1.0 0.0 0.0 0.0 0.0 0.0 0.0
-4.509157 4.8584175 0.04813337 1.0 1.0 0.0 0.0 0.0 -1.0 0.0 0.0 0.0 0.0 0.0 0.0
-4.453745 4.4302654 0.16975817 1.0 1.0 0.0 0.0 0.0 -1.0 0.0 0.0 0.0 0.0 0.0 0.0
-4.8851843 4.357596 0.09098381 1.0 1.0 0.0 0.0 0.0 -1.0 0.0 0.0 0.0 0.0 0.0 0.0
-4.874384 4.5513034 -0.31427568 1.0 1.0 0.0 0.0 0.0 -1.0 0.0 0.0 0.0 0.0 0.0 0.0
-4.527706 4.2861 -0.4106598 1.0 1.0 0.0 0.0 0.0 -1.0 0.0 0.0 0.0 0.0 0.0 0.0
-4.7627378 3.917117 -0.3193238 1.0 1.0 0.0 0.0 0.0 -1.0 0.0 0.0 0.0 0.0 0.0 0.0
-4.676098 3.8395162 0.11822025 1.0 1.0 0.0 0.0 0.0 -1.0 0.0 0.0 0.0 0.0 0.0 0.0
-5.0707912 3.7911482 0.3281287 1.0 1.0 0.0 0.0 0.0 -1.0 0.0 0.0 0.0 0.0 0.0 0.0
-4.9211082 3.6571968 0.72998357 1.0 1.0 0.0 0.0 0.0 -1.0 0.0 0.0 0.0 0.0 0.0 0.0
-4.7676687 4.0081005 0.9552711 1.0 1.0 0.0 0.0 0.0 -1.0 0.0 0.0 0.0 0.0 0.0 0.0
-4.612468 4.007279 1.3725053 1.0 1.0 0.0 0.0 0.0 -1.0 0.0 0.0 0.0 0.0 0.0 0.0
-4.589223 4.412656 1.5656258 1.0 1.0 0.0 0.0 0.0 -1.0 0.0 0.0 0.0 0.0 0.0 0.0
-4.2674336 4.3685136 1.8703921 1.0 1.0 0.0 0.0 0.0 -1.0 0.0 0.0 0.0 0.0 0.0 0.0
-4.2947874 4.5579953 2.2752995 1.0 1.0 0.0 0.0 0.0 -1.0 0.0 0.0 0.0 0.0 0.0 0.0
-3.9009159 4.7485323 2.2074432 1.0 1.0 0.0 0.0 0.0 -1.0 0.0 0.0 0.0 0.0 0.0 0.0
-4.141935 5.033224 1.9553885 1.0 1.0 0.0 0.0 0.0 -1.0 0.0 0.0 0.0 0.0 0.0 0.0
-4.261916 5.3904676 2.2045083 1.0 1.0 0.0 0.0 0.0 -1.0 0.0 0.0 0.0 0.0 0.0 0.0
-4.707678 5.362996 2.2788215 1.0 1.0 0.0 0.0 0.0 -1.0 0.0 0.0 0.0 0.0 0.0 0.0
-4.724583 4.973938 2.0581124 1.0 1.0 0.0 0.0 0.0 -1.0 0.0 0.0 0.0 0.0 0.0 0.0
-5.145692 4.9157085 2.1954687 1.0 1.0 0.0 0.0 0.0 -1.0 0.0 0.0 0.0 0.0 0.0 0.0
-5.2576895 5.302184 2.0027003 1.0 1.0 0.0 0.0 0.0 -1.0 0.0 0.0 0.0 0.0 0.0 0.0
-5.0679736 5.154379 1.6253816 1.0 1.0 0.0 0.0 0.0 -1.0 0.0 0.0 0.0 0.0 0.0 0.0
-5.3106365 4.7785864 1.6326603 1.0 1.0 0.0 0.0 0.0 -1.0 0.0 0.0 0.0 0.0 0.0 0.0
-5.689364 5.009744 1.7009861 1.0 1.0 0.0 0.0 0.0 -1.0 0.0 0.0 0.0 0.0 0.0 0.0
-5.592158 5.298075 1.3695704 1.0 1.0 0.0 0.0 0.0 -1.0 0.0 0.0 0.0 0.0 0.0 0.0
-5.504696 4.9585586 1.0842922 1.0 1.0 0.0 0.0 0.0 -1.0 0.0 0.0 0.0 0.0 0.0 0.0
-5.926626 4.8159194 1.0993191 1.0 1.0 0.0 0.0 0.0 -1.0 0.0 0.0 0.0 0.0 0.0 0.0
-5.9633718 4.9661894 0.67527586 1.0 1.0 0.0 0.0 0.0 -1.0 0.0 0.0 0.0 0.0 0.0 0.0
-5.6530876 4.666354 0.54707676 1.0 1.0 0.0 0.0 0.0 -1.0 0.0 0.0 0.0 0.0 0.0 0.0
-5.8864756 4.3338814 0.73350555 1.0 1.0 0.0 0.0 0.0 -1.0 0.0 0.0 0.0 0.0 0.0 0.0
-6.2358537 4.45128 0.472294 1.0 1.0 0.0 0.0 0.0 -1.0 0.0 0.0 0.0 0.0 0.0 0.0
-5.9786334 4.3730927 0.11904203 1.0 1.0 0.0 0.0 0.0 -1.0 0.0 0.0 0.0 0.0 0.0 0.0
-5.843743 3.9684203 0.24853253 1.0 1.0 0.0 0.0 0.0 -1.0 0.0 0.0 0.0 0.0 0.0 0.0
-5.4983563 4.051773 0.5250059 1.0 1.0 0.0 0.0 0.0 -1.0 0.0 0.0 0.0 0.0 0.0 0.0
-5.4549193 3.8085232 0.89762855 1.0 1.0 0.0 0.0 0.0 -1.0 0.0 0.0 0.0 0.0 0.0 0.0
-5.288331 4.080418 1.208617 1.0 1.0 0.0 0.0 0.0 -1.0 0.0 0.0 0.0 0.0 0.0 0.0
-5.109181 3.9205215 1.5835878 1.0 1.0 0.0 0.0 0.0 -1.0 0.0 0.0 0.0 0.0 0.0 0.0
-4.826368 4.0442595 1.9036158 1.0 1.0 0.0 0.0 0.0 -1.0 0.0 0.0 0.0 0.0 0.0 0.0
-4.405142 3.9249825 1.9708852 1.0 1.0 0.0 0.0 0.0 -1.0 0.0 0.0 0.0 0.0 0.0 0.0
-4.092158 3.9792206 2.2882135 1.0 1.0 0.0 0.0 0.0 -1.0 0.0 0.0 0.0 0.0 0.0 0.0
-4.408429 3.9177036 2.5976758 1.0 1.0 0.0 0.0 0.0 -1.0 0.0 0.0 0.0 0.0 0.0 0.0
-4.1955857 3.8605306 2.989082 1.0 1.0 0.0 0.0 0.0 -1.0 0.0 0.0 0.0 0.0 0.0 0.0
-4.525358 3.9373093 3.282226 1.0 1.0 0.0 0.0 0.0 -1.0 0.0 0.0 0.0 0.0 0.0 0.0
-4.9564457 3.8449168 3.3224938 1.0 1.0 0.0 0.0 0.0 -1.0 0.0 0.0 0.0 0.0 0.0 0.0
-5.028058 4.2891526 3.3553655 1.0 1.0 0.0 0.0 0.0 -1.0 0.0 0.0 0.0 0.0 0.0 0.0
-4.867692 4.344447 2.941301 1.0 1.0 0.0 0.0 0.0 -1.0 0.0 0.0 0.0 0.0 0.0 0.0
-5.0941534 3.980747 2.8045318 1.0 1.0 0.0 0.0 0.0 -1.0 0.0 0.0 0.0 0.0 0.0 0.0
-5.47065 4.1566095 2.960202 1.0 1.0 0.0 0.0 0.0 -1.0 0.0 0.0 0.0 0.0 0.0 0.0
-5.397629 4.548838 2.756516 1.0 1.0 0.0 0.0 0.0 -1.0 0.0 0.0 0.0 0.0 0.0 0.0
-5.3028884 4.32672 2.3766146 1.0 1.0 0.0 0.0 0.0 -1.0 0.0 0.0 0.0 0.0 0.0 0.0
-5.6737494 4.080066 2.3874152 1.0 1.0 0.0 0.0 0.0 -1.0 0.0 0.0 0.0 0.0 0.0 0.0
-5.9435315 4.4161777 2.5079834 1.0 1.0 0.0 0.0 0.0 -1.0 0.0 0.0 0.0 0.0 0.0 0.0
-5.777178 4.658018 2.1695237 1.0 1.0 0.0 0.0 0.0 -1.0 0.0 0.0 0.0 0.0 0.0 0.0
-5.86734 4.3384595 1.8674572 1.0 1.0 0.0 0.0 0.0 -1.0 0.0 0.0 0.0 0.0 0.0 0.0
-5.509275 4.062926 1.8457384 1.0 1.0 0.0 0.0 0.0 -1.0 0.0 0.0 0.0 0.0 0.0 0.0
-5.620451 3.6843157 1.6306645 1.0 1.0 0.0 0.0 0.0 -1.0 0.0 0.0 0.0 0.0 0.0 0.0
-5.274947 3.4490492 1.7876263 1.0 1.0 0.0 0.0 0.0 -1.0 0.0 0.0 0.0 0.0 0.0 0.0
-4.956328 3.5046961 2.101902 1.0 1.0 0.0 0.0 0.0 -1.0 0.0 0.0 0.0 0.0 0.0 0.0
-4.5217185 3.4054945 2.0602255 1.0 1.0 0.0 0.0 0.0 -1.0 0.0 0.0 0.0 0.0 0.0 0.0
-4.200516 3.4312046 2.3689835 1.0 1.0 0.0 0.0 0.0 -1.0 0.0 0.0 0.0 0.0 0.0 0.0
-3.7580419 3.3736794 2.3403385 1.0 1.0 0.0 0.0 0.0 -1.0 0.0 0.0 0.0 0.0 0.0 0.0
-3.7723644 3.0893404 2.6850202 1.0 1.0 0.0 0.0 0.0 -1.0 0.0 0.0 0.0 0.0 0.0 0.0
-4.0470767 2.7916179 2.8687487 1.0 1.0 0.0 0.0 0.0 -1.0 0.0 0.0 0.0 0.0 0.0 0.0
-4.3186193 2.9821556 3.1640058 1.0 1.0 0.0 0.0 0.0 -1.0 0.0 0.0 0.0 0.0 0.0 0.0
-4.621977 2.7245834 3.3828366 1.0 1.0 0.0 0.0 0.0 -1.0 0.0 0.0 0.0 0.0 0.0 0.0
-4.839869 3.0893404 3.525593 1.0 1.0 0.0 0.0 0.0 -1.0 0.0 0.0 0.0 0.0 0.0 0.0
-4.8963375 3.2491198 3.1118808 1.0 1.0 0.0 0.0 0.0 -1.0 0.0 0.0 0.0 0.0 0.0 0.0
-5.010214 2.8372858 2.9785163 1.0 1.0 0.0 0.0 0.0 -1.0 0.0 0.0 0.0 0.0 0.0 0.0
-5.3305945 2.8213196 3.293027 1.0 1.0 0.0 0.0 0.0 -1.0 0.0 0.0 0.0 0.0 0.0 0.0
-5.47652 3.2323315 3.1886597 1.0 1.0 0.0 0.0 0.0 -1.0 0.0 0.0 0.0 0.0 0.0 0.0
-5.5054007 3.1324255 2.7581594 1.0 1.0 0.0 0.0 0.0 -1.0 0.0 0.0 0.0 0.0 0.0 0.0
-5.733975 2.757807 2.8480866 1.0 1.0 0.0 0.0 0.0 -1.0 0.0 0.0 0.0 0.0 0.0 0.0
-6.0224233 2.985795 3.09838 1.0 1.0 0.0 0.0 0.0 -1.0 0.0 0.0 0.0 0.0 0.0 0.0
-6.0859356 3.2673163 2.7533462 1.0 1.0 0.0 0.0 0.0 -1.0 0.0 0.0 0.0 0.0 0.0 0.0
-6.0825315 2.9438837 2.4361355 1.0 1.0 0.0 0.0 0.0 -1.0 0.0 0.0 0.0 0.0 0.0 0.0
-5.7461843 3.1521485 2.2248182 1.0 1.0 0.0 0.0 0.0 -1.0 0.0 0.0 0.0 0.0 0.0 0.0
-5.416295 2.9339046 2.012327 1.0 1.0 0.0 0.0 0.0 -1.0 0.0 0.0 0.0 0.0 0.0 0.0
-5.0267673 2.9637241 2.2293966 1.0 1.0 0.0 0.0 0.0 -1.0 0.0 0.0 0.0 0.0 0.0 0.0
-4.640174 2.8518434 2.0471942 1.0 1.0 0.0 0.0 0.0 -1.0 0.0 0.0 0.0 0.0 0.0 0.0
-4.3219066 2.8350554 2.3560696 1.0 1.0 0.0 0.0 0.0 -1.0 0.0 0.0 0.0 0.0 0.0 0.0
-3.890937 2.850317 2.2514677 1.0 1.0 0.0 0.0 0.0 -1.0 0.0 0.0 0.0 0.0 0.0 0.0
-3.613759 2.5139706 2.3637006 1.0 1.0 0.0 0.0 0.0 -1.0 0.0 0.0 0.0 0.0 0.0 0.0
-3.1870158 2.4196997 2.2970183 1.0 1.0 0.0 0.0 0.0 -1.0 0.0 0.0 0.0 0.0 0.0 0.0
-3.131134 2.0273538 2.5054004 1.0 1.0 0.0 0.0 0.0 -1.0 0.0 0.0 0.0 0.0 0.0 0.0
-3.3268373 1.625499 2.5408547 1.0 1.0 0.0 0.0 0.0 -1.0 0.0 0.0 0.0 0.0 0.0 0.0
-3.4330828 1.7036865 2.961611 1.0 1.0 0.0 0.0 0.0 -1.0 0.0 0.0 0.0 0.0 0.0 0.0
-3.6364172 2.0893402 2.8480866 1.0 1.0 0.0 0.0 0.0 -1.0 0.0 0.0 0.0 0.0 0.0 0.0
-3.8309462 1.8675746 2.5109181 1.0 1.0 0.0 0.0 0.0 -1.0 0.0 0.0 0.0 0.0 0.0 0.0
-3.997887 1.5525947 2.777765 1.0 1.0 0.0 0.0 0.0 -1.0 0.0 0.0 0.0 0.0 0.0 0.0
-4.139352 1.8526651 3.0764265 1.0 1.0 0.0 0.0 0.0 -1.0 0.0 0.0 0.0 0.0 0.0 0.0
-4.3513737 2.0678566 2.7398453 1.0 1.0 0.0 0.0 0.0 -1.0 0.0 0.0 0.0 0.0 0.0 0.0
-4.5297017 1.6841983 2.5898101 1.0 1.0 0.0 0.0 0.0 -1.0 0.0 0.0 0.0 0.0 0.0 0.0
-4.679737 1.5915709 2.9991784 1.0 1.0 0.0 0.0 0.0 -1.0 0.0 0.0 0.0 0.0 0.0 0.0
-4.8919935 1.9875559 2.9982393 1.0 1.0 0.0 0.0 0.0 -1.0 0.0 0.0 0.0 0.0 0.0 0.0
-5.095445 1.8606482 2.6235032 1.0 1.0 0.0 0.0 0.0 -1.0 0.0 0.0 0.0 0.0 0.0 0.0
-4.824724 2.052125 2.3241374 1.0 1.0 0.0 0.0 0.0 -1.0 0.0 0.0 0.0 0.0 0.0 0.0
-4.6946464 1.8324726 1.9550364 1.0 1.0 0.0 0.0 0.0 -1.0 0.0 0.0 0.0 0.0 0.0 0.0
-4.598615 2.1816156 1.693003 1.0 1.0 0.0 0.0 0.0 -1.0 0.0 0.0 0.0 0.0 0.0 0.0
-4.228105 2.3706272 1.8701574 1.0 1.0 0.0 0.0 0.0 -1.0 0.0 0.0 0.0 0.0 0.0 0.0
-3.9833295 2.726227 1.7602724 1.0 1.0 0.0 0.0 0.0 -1.0 0.0 0.0 0.0 0.0 0.0 0.0
-3.5551775 2.5969713 1.7455976 1.0 1.0 0.0 0.0 0.0 -1.0 0.0 0.0 0.0 0.0 0.0 0.0
-3.3217893 2.9450576 1.8809581 1.0 1.0 0.0 0.0 0.0 -1.0 0.0 0.0 0.0 0.0 0.0 0.0
-3.0024655 3.0575254 1.7944354 1.0 1.0 0.0 0.0 0.0 -1.0 0.0 0.0 0.0 0.0 0.0 0.0
-3.0251231 2.788683 1.4403616 1.0 1.0 0.0 0.0 0.0 -1.0 0.0 0.0 0.0 0.0 0.0 0.0
-2.6362996 2.9200518 1.2652031 1.0 1.0 0.0 0.0 0.0 -1.0 0.0 0.0 0.0 0.0 0.0 0.0
-2.4243956 2.7727168 1.626086 1.0 1.0 0.0 0.0 0.0 -1.0 0.0 0.0 0.0 0.0 0.0 0.0
-2.5973234 2.3590045 1.6429914 1.0 1.0 0.0 0.0 0.0 -1.0 0.0 0.0 0.0 0.0 0.0 0.0
-2.6656492 2.3148627 1.2013384 1.0 1.0 0.0 0.0 0.0 -1.0 0.0 0.0 0.0 0.0 0.0 0.0
-2.9043202 2.0423808 0.94435316 1.0 1.0 0.0 0.0 0.0 -1.0 0.0 0.0 0.0 0.0 0.0 0.0
-2.667645 1.7116694 1.142874 1.0 1.0 0.0 0.0 0.0 -1.0 0.0 0.0 0.0 0.0 0.0 0.0
-2.9037333 1.7814041 1.5105659 1.0 1.0 0.0 0.0 0.0 -1.0 0.0 0.0 0.0 0.0 0.0 0.0
-3.2895045 1.7349144 1.2900916 1.0 1.0 0.0 0.0 0.0 -1.0 0.0 0.0 0.0 0.0 0.0 0.0
-3.146161 1.3523128 1.1008453 1.0 1.0 0.0 0.0 0.0 -1.0 0.0 0.0 0.0 0.0 0.0 0.0
-3.0090396 1.1987556 1.5039916 1.0 1.0 0.0 0.0 0.0 -1.0 0.0 0.0 0.0 0.0 0.0 0.0
-3.4139469 1.2671989 1.6807936 1.0 1.0 0.0 0.0 0.0 -1.0 0.0 0.0 0.0 0.0 0.0 0.0
-3.617516 1.0228928 1.3653439 1.0 1.0 0.0 0.0 0.0 -1.0 0.0 0.0 0.0 0.0 0.0 0.0
-3.5009394 0.6346561 1.5453157 1.0 1.0 0.0 0.0 0.0 -1.0 0.0 0.0 0.0 0.0 0.0 0.0
-3.6352432 0.69816864 1.9727637 1.0 1.0 0.0 0.0 0.0 -1.0 0.0 0.0 0.0 0.0 0.0 0.0
-3.9569151 1.0043439 1.8929327 1.0 1.0 0.0 0.0 0.0 -1.0 0.0 0.0 0.0 0.0 0.0 0.0
-4.1480393 0.9020898 1.5022306 1.0 1.0 0.0 0.0 0.0 -1.0 0.0 0.0 0.0 0.0 0.0 0.0
-4.518784 1.1308994 1.6145809 1.0 1.0 0.0 0.0 0.0 -1.0 0.0 0.0 0.0 0.0 0.0 0.0
-4.314393 1.5251234 1.6865461 1.0 1.0 0.0 0.0 0.0 -1.0 0.0 0.0 0.0 0.0 0.0 0.0
-4.2821083 1.8395164 1.3637004 1.0 1.0 0.0 0.0 0.0 -1.0 0.0 0.0 0.0 0.0 0.0 0.0
-4.0016437 2.1877203 1.3687485 1.0 1.0 0.0 0.0 0.0 -1.0 0.0 0.0 0.0 0.0 0.0 0.0
-4.0038743 2.6123505 1.2389059 1.0 1.0 0.0 0.0 0.0 -1.0 0.0 0.0 0.0 0.0 0.0 0.0
-3.5760744 2.729749 1.2494718 1.0 1.0 0.0 0.0 0.0 -1.0 0.0 0.0 0.0 0.0 0.0 0.0
-3.5064569 3.163184 1.3251936 1.0 1.0 0.0 0.0 0.0 -1.0 0.0 0.0 0.0 0.0 0.0 0.0
-3.1193943 3.3836584 1.3854191 1.0 1.0 0.0 0.0 0.0 -1.0 0.0 0.0 0.0 0.0 0.0 0.0
-2.840573 3.4558585 1.0437896 1.0 1.0 0.0 0.0 0.0 -1.0 0.0 0.0 0.0 0.0 0.0 0.0
-3.1083586 3.2841043 0.7262268 1.0 1.0 0.0 0.0 0.0 -1.0 0.0 0.0 0.0 0.0 0.0 0.0
-3.0048132 3.4772248 0.33599436 1.0 1.0 0.0 0.0 0.0 -1.0 0.0 0.0 0.0 0.0 0.0 0.0
-3.0420287 3.4025595 -0.107654385 1.0 1.0 0.0 0.0 0.0 -1.0 0.0 0.0 0.0 0.0 0.0 0.0
-2.6610706 3.1634188 -0.110002354 1.0 1.0 0.0 0.0 0.0 -1.0 0.0 0.0 0.0 0.0 0.0 0.0
-2.7841043 2.8763795 0.21366519 1.0 1.0 0.0 0.0 0.0 -1.0 0.0 0.0 0.0 0.0 0.0 0.0
-3.2333882 2.8554826 0.17926745 1.0 1.0 0.0 0.0 0.0 -1.0 0.0 0.0 0.0 0.0 0.0 0.0
-3.239845 2.4956563 -0.09063161 1.0 1.0 0.0 0.0 0.0 -1.0 0.0 0.0 0.0 0.0 0.0 0.0
-2.9688895 2.2622683 0.17762388 1.0 1.0 0.0 0.0 0.0 -1.0 0.0 0.0 0.0 0.0 0.0 0.0
-3.277295 2.3131018 0.49776947 1.0 1.0 0.0 0.0 0.0 -1.0 0.0 0.0 0.0 0.0 0.0 0.0
-3.6076543 2.161423 0.23855367 1.0 1.0 0.0 0.0 0.0 -1.0 0.0 0.0 0.0 0.0 0.0 0.0
-3.3507864 1.8176802 0.10154966 1.0 1.0 0.0 0.0 0.0 -1.0 0.0 0.0 0.0 0.0 0.0 0.0
-3.313219 1.705917 0.5392111 1.0 1.0 0.0 0.0 0.0 -1.0 0.0 0.0 0.0 0.0 0.0 0.0
-3.7614465 1.6805589 0.59462315 1.0 1.0 0.0 0.0 0.0 -1.0 0.0 0.0 0.0 0.0 0.0 0.0
-3.8845975 2.0644517 0.7750646 1.0 1.0 0.0 0.0 0.0 -1.0 0.0 0.0 0.0 0.0 0.0 0.0
-4.313806 2.2054474 0.7812867 1.0 1.0 0.0 0.0 0.0 -1.0 0.0 0.0 0.0 0.0 0.0 0.0
-4.2266965 2.639352 0.7025123 1.0 1.0 0.0 0.0 0.0 -1.0 0.0 0.0 0.0 0.0 0.0 0.0
-3.9040856 2.937544 0.7772952 1.0 1.0 0.0 0.0 0.0 -1.0 0.0 0.0 0.0 0.0 0.0 0.0
-3.9031465 3.3235502 1.0124443 1.0 1.0 0.0 0.0 0.0 -1.0 0.0 0.0 0.0 0.0 0.0 0.0
-3.6695235 3.634891 0.79161775 1.0 1.0 0.0 0.0 0.0 -1.0 0.0 0.0 0.0 0.0 0.0 0.0
-3.5396807 4.0069265 0.9953041 1.0 1.0 0.0 0.0 0.0 -1.0 0.0 0.0 0.0 0.0 0.0 0.0
-3.2094388 4.2751822 0.86886597 1.0 1.0 0.0 0.0 0.0 -1.0 0.0 0.0 0.0 0.0 0.0 0.0
-3.1462784 4.0812397 0.4640761 1.0 1.0 0.0 0.0 0.0 -1.0 0.0 0.0 0.0 0.0 0.0 0.0
-3.5691478 4.18819 0.36921814 1.0 1.0 0.0 0.0 0.0 -1.0 0.0 0.0 0.0 0.0 0.0 0.0
-3.7005165 4.545081 0.5935666 1.0 1.0 0.0 0.0 0.0 -1.0 0.0 0.0 0.0 0.0 0.0 0.0
-3.3472648 4.8219066 0.56985205 1.0 1.0 0.0 0.0 0.0 -1.0 0.0 0.0 0.0 0.0 0.0 0.0
-3.3507864 5.1286693 0.24759334 1.0 1.0 0.0 0.0 0.0 -1.0 0.0 0.0 0.0 0.0 0.0 0.0
-3.611059 5.4273305 0.051185727 1.0 1.0 0.0 0.0 0.0 -1.0 0.0 0.0 0.0 0.0 0.0 0.0
-4.0298195 5.278587 0.0 1.0 1.0 0.0 0.0 0.0 -1.0 0.0 0.0 0.0 0.0 0.0 0.0
-3.9494011 5.210378 -0.43989202 1.0 1.0 0.0 0.0 0.0 -1.0 0.0 0.0 0.0 0.0 0.0 0.0
-3.5952103 4.9661894 -0.3285983 1.0 1.0 0.0 0.0 0.0 -1.0 0.0 0.0 0.0 0.0 0.0 0.0
-3.83212 4.7382016 -0.022188308 1.0 1.0 0.0 0.0 0.0 -1.0 0.0 0.0 0.0 0.0 0.0 0.0
-4.1601315 4.660719 -0.31310165 1.0 1.0 0.0 0.0 0.0 -1.0 0.0 0.0 0.0 0.0 0.0 0.0
-3.8672225 4.494365 -0.60695004 1.0 1.0 0.0 0.0 0.0 -1.0 0.0 0.0 0.0 0.0 0.0 0.0
-3.6671753 4.25229 -0.28563043 1.0 1.0 0.0 0.0 0.0 -1.0 0.0 0.0 0.0 0.0 0.0 0.0
-4.061047 4.088284 -0.1737497 1.0 1.0 0.0 0.0 0.0 -1.0 0.0 0.0 0.0 0.0 0.0 0.0
-4.1236205 3.9629023 -0.6035455 1.0 1.0 0.0 0.0 0.0 -1.0 0.0 0.0 0.0 0.0 0.0 0.0
-3.705917 3.7893875 -0.61176336 1.0 1.0 0.0 0.0 0.0 -1.0 0.0 0.0 0.0 0.0 0.0 0.0
-3.7882135 3.541794 -0.24876732 1.0 1.0 0.0 0.0 0.0 -1.0 0.0 0.0 0.0 0.0 0.0 0.0
-4.1878376 3.4016204 -0.3880019 1.0 1.0 0.0 0.0 0.0 -1.0 0.0 0.0 0.0 0.0 0.0 0.0
-4.006692 3.2895048 -0.7803475 1.0 1.0 0.0 0.0 0.0 -1.0 0.0 0.0 0.0 0.0 0.0 0.0
-3.647922 3.102489 -0.5891055 1.0 1.0 0.0 0.0 0.0 -1.0 0.0 0.0 0.0 0.0 0.0 0.0
-3.911951 2.8415122 -0.3351726 1.0 1.0 0.0 0.0 0.0 -1.0 0.0 0.0 0.0 0.0 0.0 0.0
-4.1743364 2.7319794 -0.68372864 1.0 1.0 0.0 0.0 0.0 -1.0 0.0 0.0 0.0 0.0 0.0 0.0
-3.7934961 2.6144636 -0.8831886 1.0 1.0 0.0 0.0 0.0 -1.0 0.0 0.0 0.0 0.0 0.0 0.0
-3.624325 2.32085 -0.58276594 1.0 1.0 0.0 0.0 0.0 -1.0 0.0 0.0 0.0 0.0 0.0 0.0
-1.5861704 5.2046256 4.370627 1.0 1.0 0.0 0.0 0.0 -1.0 0.0 0.0 0.0 0.0 0.0 0.0
-1.4800423 4.81815 4.167176 1.0 1.0 0.0 0.0 0.0 -1.0 0.0 0.0 0.0 0.0 0.0 0.0
-1.7080301 4.9173517 3.799836 1.0 1.0 0.0 0.0 0.0 -1.0 0.0 0.0 0.0 0.0 0.0 0.0
-1.454567 5.2850437 3.7756517 1.0 1.0 0.0 0.0 0.0 -1.0 0.0 0.0 0.0 0.0 0.0 0.0
-1.0779526 5.0522428 3.8512564 1.0 1.0 0.0 0.0 0.0 -1.0 0.0 0.0 0.0 0.0 0.0 0.0
-1.1812633 4.755694 3.53205 1.0 1.0 0.0 0.0 0.0 -1.0 0.0 0.0 0.0 0.0 0.0 0.0
-1.239258 5.081944 3.2362058 1.0 1.0 0.0 0.0 0.0 -1.0 0.0 0.0 0.0 0.0 0.0 0.0
-0.8552478 5.2770605 3.351374 1.0 1.0 0.0 0.0 0.0 -1.0 0.0 0.0 0.0 0.0 0.0 0.0
-0.5987322 4.9064336 3.3653443 1.0 1.0 0.0 0.0 0.0 -1.0 0.0 0.0 0.0 0.0 0.0 0.0
-0.81004936 4.6400566 3.072083 1.0 1.0 0.0 0.0 0.0 -1.0 0.0 0.0 0.0 0.0 0.0 0.0
-0.59086645 4.258864 3.1689365 1.0 1.0 0.0 0.0 0.0 -1.0 0.0 0.0 0.0 0.0 0.0 0.0
-0.60542387 3.983447 3.5224233 1.0 1.0 0.0 0.0 0.0 -1.0 0.0 0.0 0.0 0.0 0.0 0.0
-0.2885654 3.6798546 3.5772483 1.0 1.0 0.0 0.0 0.0 -1.0 0.0 0.0 0.0 0.0 0.0 0.0
-0.486734 3.2885654 3.6813807 1.0 1.0 0.0 0.0 0.0 -1.0 0.0 0.0 0.0 0.0 0.0 0.0
-0.17727166 3.0734916 3.921226 1.0 1.0 0.0 0.0 0.0 -1.0 0.0 0.0 0.0 0.0 0.0 0.0
-0.18396337 2.6292558 3.9407141 1.0 1.0 0.0 0.0 0.0 -1.0 0.0 0.0 0.0 0.0 0.0 0.0
0.17621508 2.4356658 4.115873 1.0 1.0 0.0 0.0 0.0 -1.0 0.0 0.0 0.0 0.0 0.0 0.0
0.30206624 2.0750177 4.342099 1.0 1.0 0.0 0.0 0.0 -1.0 0.0 0.0 0.0 0.0 0.0 0.0
0.48297727 2.290796 4.6901855 1.0 1.0 0.0 0.0 0.0 -1.0 0.0 0.0 0.0 0.0 0.0 0.0
0.4714722 2.6668234 4.9357834 1.0 1.0 0.0 0.0 0.0 -1.0 0.0 0.0 0.0 0.0 0.0 0.0
0.8806058 2.7729516 4.800188 1.0 1.0 0.0 0.0 0.0 -1.0 0.0 0.0 0.0 0.0 0.0 0.0
0.78011274 2.7096736 4.363818 1.0 1.0 0.0 0.0 0.0 -1.0 0.0 0.0 0.0 0.0 0.0 0.0
0.40819442 2.95668 4.4027944 1.0 1.0 0.0 0.0 0.0 -1.0 0.0 0.0 0.0 0.0 0.0 0.0
0.6424043 3.283048 4.595445 1.0 1.0 0.0 0.0 0.0 -1.0 0.0 0.0 0.0 0.0 0.0 0.0
0.9659545 3.2634423 4.2877436 1.0 1.0 0.0 0.0 0.0 -1.0 0.0 0.0 0.0 0.0 0.0 0.0
0.65625733 3.3003054 3.9638414 1.0 1.0 0.0 0.0 0.0 -1.0 0.0 0.0 0.0 0.0 0.0 0.0
0.43977463 3.639587 4.1757455 1.0 1.0 0.0 0.0 0.0 -1.0 0.0 0.0 0.0 0.0 0.0 0.0
0.81697583 3.8753228 4.217422 1.0 1.0 0.0 0.0 0.0 -1.0 0.0 0.0 0.0 0.0 0.0 0.0
0.92850435 3.7999532 3.7890353 1.0 1.0 0.0 0.0 0.0 -1.0 0.0 0.0 0.0 0.0 0.0 0.0
0.53204983 3.9283874 3.6341867 1.0 1.0 0.0 0.0 0.0 -1.0 0.0 0.0 0.0 0.0 0.0 0.0
0.52911484 4.286217 3.899977 1.0 1.0 0.0 0.0 0.0 -1.0 0.0 0.0 0.0 0.0 0.0 0.0
0.9442358 4.41113 3.774478 1.0 1.0 0.0 0.0 0.0 -1.0 0.0 0.0 0.0 0.0 0.0 0.0
0.79255694 4.3804884 3.3529 1.0 1.0 0.0 0.0 0.0 -1.0 0.0 0.0 0.0 0.0 0.0 0.0
0.45597562 4.6670585 3.4367225 1.0 1.0 0.0 0.0 0.0 -1.0 0.0 0.0 0.0 0.0 0.0 0.0
0.108710974 4.401386 3.5342808 1.0 1.0 0.0 0.0 0.0 -1.0 0.0 0.0 0.0 0.0 0.0 0.0
-0.07783518 4.567739 3.908899 1.0 1.0 0.0 0.0 0.0 -1.0 0.0 0.0 0.0 0.0 0.0 0.0
-0.4384832 4.308171 3.9431796 1.0 1.0 0.0 0.0 0.0 -1.0 0.0 0.0 0.0 0.0 0.0 0.0
-0.31439304 3.913947 4.1049542 1.0 1.0 0.0 0.0 0.0 -1.0 0.0 0.0 0.0 0.0 0.0 0.0
-0.5923926 3.571848 4.1830244 1.0 1.0 0.0 0.0 0.0 -1.0 0.0 0.0 0.0 0.0 0.0 0.0
-0.43683964 3.238319 4.4420056 1.0 1.0 0.0 0.0 0.0 -1.0 0.0 0.0 0.0 0.0 0.0 0.0
-0.68114585 2.8755577 4.346913 1.0 1.0 0.0 0.0 0.0 -1.0 0.0 0.0 0.0 0.0 0.0 0.0
-0.8053534 2.5918057 4.669641 1.0 1.0 0.0 0.0 0.0 -1.0 0.0 0.0 0.0 0.0 0.0 0.0
-0.6138765 2.2619162 4.4414186 1.0 1.0 0.0 0.0 0.0 -1.0 0.0 0.0 0.0 0.0 0.0 0.0
-0.22258747 2.4353135 4.5884013 1.0 1.0 0.0 0.0 0.0 -1.0 0.0 0.0 0.0 0.0 0.0 0.0
-0.1146983 2.2143695 4.964781 1.0 1.0 0.0 0.0 0.0 -1.0 0.0 0.0 0.0 0.0 0.0 0.0
-0.18678094 2.4836817 5.3215547 1.0 1.0 0.0 0.0 0.0 -1.0 0.0 0.0 0.0 0.0 0.0 0.0
-0.33693355 2.8003054 5.0441422 1.0 1.0 0.0 0.0 0.0 -1.0 0.0 0.0 0.0 0.0 0.0 0.0
-0.46607187 3.0460203 5.394929 1.0 1.0 0.0 0.0 0.0 -1.0 0.0 0.0 0.0 0.0 0.0 0.0
-0.04261564 3.0414417 5.5380373 1.0 1.0 0.0 0.0 0.0 -1.0 0.0 0.0 0.0 0.0 0.0 0.0
0.081709325 3.192064 5.133013 1.0 1.0 0.0 0.0 0.0 -1.0 0.0 0.0 0.0 0.0 0.0 0.0
-0.2129608 3.5293498 5.163067 1.0 1.0 0.0 0.0 0.0 -1.0 0.0 0.0 0.0 0.0 0.0 0.0
-0.0834703 3.6488614 5.575018 1.0 1.0 0.0 0.0 0.0 -1.0 0.0 0.0 0.0 0.0 0.0 0.0
0.34597325 3.6224465 5.4697113 1.0 1.0 0.0 0.0 0.0 -1.0 0.0 0.0 0.0 0.0 0.0 0.0
0.30206624 3.8791971 5.107772 1.0 1.0 0.0 0.0 0.0 -1.0 0.0 0.0 0.0 0.0 0.0 0.0
0.120803 4.206739 5.3565392 1.0 1.0 0.0 0.0 0.0 -1.0 0.0 0.0 0.0 0.0 0.0 0.0
0.4903734 4.451867 5.306762 1.0 1.0 0.0 0.0 0.0 -1.0 0.0 0.0 0.0 0.0 0.0 0.0
0.3955154 4.4938955 4.8692183 1.0 1.0 0.0 0.0 0.0 -1.0 0.0 0.0 0.0 0.0 0.0 0.0
0.02653205 4.7148395 4.9756985 1.0 1.0 0.0 0.0 0.0 -1.0 0.0 0.0 0.0 0.0 0.0 0.0
0.27036864 5.071261 5.1089463 1.0 1.0 0.0 0.0 0.0 -1.0 0.0 0.0 0.0 0.0 0.0 0.0
0.441066 5.0577602 4.6960554 1.0 1.0 0.0 0.0 0.0 -1.0 0.0 0.0 0.0 0.0 0.0 0.0
0.031345386 5.074666 4.5154967 1.0 1.0 0.0 0.0 0.0 -1.0 0.0 0.0 0.0 0.0 0.0 0.0
-0.045198403 4.6382957 4.4436493 1.0 1.0 0.0 0.0 0.0 -1.0 0.0 0.0 0.0 0.0 0.0 0.0
-0.46630666 4.507044 4.4920173 1.0 1.0 0.0 0.0 0.0 -1.0 0.0 0.0 0.0 0.0 0.0 0.0
-0.4629021 4.0865226 4.629608 1.0 1.0 0.0 0.0 0.0 -1.0 0.0 0.0 0.0 0.0 0.0 0.0
-0.81932384 3.8212023 4.6176333 1.0 1.0 0.0 0.0 0.0 -1.0 0.0 0.0 0.0 0.0 0.0 0.0
-0.93413955 3.3928154 4.631721 1.0 1.0 0.0 0.0 0.0 -1.0 0.0 0.0 0.0 0.0 0.0 0.0
-1.0884011 3.134539 4.307232 1.0 1.0 0.0 0.0 0.0 -1.0 0.0 0.0 0.0 0.0 0.0 0.0
-1.2538155 2.7176569 4.2670817 1.0 1.0 0.0 0.0 0.0 -1.0 0.0 0.0 0.0 0.0 0.0 0.0
-1.4948345 2.8042967 4.6314864 1.0 1.0 0.0 0.0 0.0 -1.0 0.0 0.0 0.0 0.0 0.0 0.0
-1.7923223 2.4681852 4.6514444 1.0 1.0 0.0 0.0 0.0 -1.0 0.0 0.0 0.0 0.0 0.0 0.0
-1.9529233 2.5028176 5.0713787 1.0 1.0 0.0 0.0 0.0 -1.0 0.0 0.0 0.0 0.0 0.0 0.0
-2.05506 2.816624 5.377319 1.0 1.0 0.0 0.0 0.0 -1.0 0.0 0.0 0.0 0.0 0.0 0.0
-1.7419583 2.6305473 5.6409955 1.0 1.0 0.0 0.0 0.0 -1.0 0.0 0.0 0.0 0.0 0.0 0.0
-1.4268608 2.7208266 5.3370514 1.0 1.0 0.0 0.0 0.0 -1.0 0.0 0.0 0.0 0.0 0.0 0.0
-1.6067152 3.123738 5.264147 1.0 1.0 0.0 0.0 0.0 -1.0 0.0 0.0 0.0 0.0 0.0 0.0
-1.5853487 3.227988 5.7011037 1.0 1.0 0.0 0.0 0.0 -1.0 0.0 0.0 0.0 0.0 0.0 0.0
-1.1568444 3.0948582 5.7257576 1.0 1.0 0.0 0.0 0.0 -1.0 0.0 0.0 0.0 0.0 0.0 0.0
-1.0496596 3.3270724 5.360179 1.0 1.0 0.0 0.0 0.0 -1.0 0.0 0.0 0.0 0.0 0.0 0.0
-1.2349143 3.703569 5.520427 1.0 1.0 0.0 0.0 0.0 -1.0 0.0 0.0 0.0 0.0 0.0 0.0
-1.047429 3.6341865 5.9195824 1.0 1.0 0.0 0.0 0.0 -1.0 0.0 0.0 0.0 0.0 0.0 0.0
-0.6475699 3.6010802 5.7259927 1.0 1.0 0.0 0.0 0.0 -1.0 0.0 0.0 0.0 0.0 0.0 0.0
-0.6967598 3.9890823 5.511975 1.0 1.0 0.0 0.0 0.0 -1.0 0.0 0.0 0.0 0.0 0.0 0.0
-0.8909369 3.8855367 5.1172814 1.0 1.0 0.0 0.0 0.0 -1.0 0.0 0.0 0.0 0.0 0.0 0.0
-1.048603 4.2605076 4.932144 1.0 1.0 0.0 0.0 0.0 -1.0 0.0 0.0 0.0 0.0 0.0 0.0
-1.3085232 4.0440245 4.632661 1.0 1.0 0.0 0.0 0.0 -1.0 0.0 0.0 0.0 0.0 0.0 0.0
-1.4740549 3.6262035 4.5832357 1.0 1.0 0.0 0.0 0.0 -1.0 0.0 0.0 0.0 0.0 0.0 0.0
-1.5261799 3.4016204 4.20263 1.0 1.0 0.0 0.0 0.0 -1.0 0.0 0.0 0.0 0.0 0.0 0.0
-1.7039212 2.9984741 4.120099 1.0 1.0 0.0 0.0 0.0 -1.0 0.0 0.0 0.0 0.0 0.0 0.0
-1.7278705 2.7451282 3.749824 1.0 1.0 0.0 0.0 0.0 -1.0 0.0 0.0 0.0 0.0 0.0 0.0
-2.1755106 2.712374 3.8059404 1.0 1.0 0.0 0.0 0.0 -1.0 0.0 0.0 0.0 0.0 0.0 0.0
-2.518549 2.9381313 3.9793382 1.0 1.0 0.0 0.0 0.0 -1.0 0.0 0.0 0.0 0.0 0.0 0.0
-2.5714955 2.8487911 4.4160604 1.0 1.0 0.0 0.0 0.0 -1.0 0.0 0.0 0.0 0.0 0.0 0.0
-2.9192297 3.0513031 4.6168118 1.0 1.0 0.0 0.0 0.0 -1.0 0.0 0.0 0.0 0.0 0.0 0.0
-2.7553415 2.9675982 5.0265326 1.0 1.0 0.0 0.0 0.0 -1.0 0.0 0.0 0.0 0.0 0.0 0.0
-2.36417 3.1595447 4.9221654 1.0 1.0 0.0 0.0 0.0 -1.0 0.0 0.0 0.0 0.0 0.0 0.0
-2.5785396 3.5089223 4.740197 1.0 1.0 0.0 0.0 0.0 -1.0 0.0 0.0 0.0 0.0 0.0 0.0
-2.8160365 3.5673869 5.111998 1.0 1.0 0.0 0.0 0.0 -1.0 0.0 0.0 0.0 0.0 0.0 0.0
-2.4609063 3.528528 5.3779063 1.0 1.0 0.0 0.0 0.0 -1.0 0.0 0.0 0.0 0.0 0.0 0.0
-2.2276356 3.817328 5.13677 1.0 1.0 0.0 0.0 0.0 -1.0 0.0 0.0 0.0 0.0 0.0 0.0
-2.5738435 4.1003757 5.1276126 1.0 1.0 0.0 0.0 0.0 -1.0 0.0 0.0 0.0 0.0 0.0 0.0
-2.5853486 4.0871096 5.5759573 1.0 1.0 0.0 0.0 0.0 -1.0 0.0 0.0 0.0 0.0 0.0 0.0
-2.1478047 4.142522 5.6197467 1.0 1.0 0.0 0.0 0.0 -1.0 0.0 0.0 0.0 0.0 0.0 0.0
-2.1367693 4.4661894 5.3155675 1.0 1.0 0.0 0.0 0.0 -1.0 0.0 0.0 0.0 0.0 0.0 0.0
-1.832003 4.2637944 5.059052 1.0 1.0 0.0 0.0 0.0 -1.0 0.0 0.0 0.0 0.0 0.0 0.0
-1.8487909 4.261212 4.613994 1.0 1.0 0.0 0.0 0.0 -1.0 0.0 0.0 0.0 0.0 0.0 0.0
-1.9695939 3.8593569 4.452806 1.0 1.0 0.0 0.0 0.0 -1.0 0.0 0.0 0.0 0.0 0.0 0.0
-1.9293262 3.7451282 4.0218363 1.0 1.0 0.0 0.0 0.0 -1.0 0.0 0.0 0.0 0.0 0.0 0.0
-2.1435783 3.3600612 3.9361355 1.0 1.0 0.0 0.0 0.0 -1.0 0.0 0.0 0.0 0.0 0.0 0.0
-2.057173 3.1385303 3.5631604 1.0 1.0 0.0 0.0 0.0 -1.0 0.0 0.0 0.0 0.0 0.0 0.0
-2.3840103 3.0507164 3.2676685 1.0 1.0 0.0 0.0 0.0 -1.0 0.0 0.0 0.0 0.0 0.0 0.0
-2.3973937 2.839399 2.8790798 1.0 1.0 0.0 0.0 0.0 -1.0 0.0 0.0 0.0 0.0 0.0 0.0
-2.8280113 2.8802538 2.755342 1.0 1.0 0.0 0.0 0.0 -1.0 0.0 0.0 0.0 0.0 0.0 0.0
-3.140174 3.1996949 2.720944 1.0 1.0 0.0 0.0 0.0 -1.0 0.0 0.0 0.0 0.0 0.0 0.0
-3.386593 2.99143 3.0305238 1.0 1.0 0.0 0.0 0.0 -1.0 0.0 0.0 0.0 0.0 0.0 0.0
-3.0405025 2.9968305 3.3207328 1.0 1.0 0.0 0.0 0.0 -1.0 0.0 0.0 0.0 0.0 0.0 0.0
-2.9698286 3.4267435 3.2085 1.0 1.0 0.0 0.0 0.0 -1.0 0.0 0.0 0.0 0.0 0.0 0.0
-3.3929327 3.5505989 3.30101 1.0 1.0 0.0 0.0 0.0 -1.0 0.0 0.0 0.0 0.0 0.0 0.0
-3.3837755 3.3382251 3.6960557 1.0 1.0 0.0 0.0 0.0 -1.0 0.0 0.0 0.0 0.0 0.0 0.0
-2.998239 3.5493076 3.7920873 1.0 1.0 0.0 0.0 0.0 -1.0 0.0 0.0 0.0 0.0 0.0 0.0
-3.186194 3.9420052 3.670228 1.0 1.0 0.0 0.0 0.0 -1.0 0.0 0.0 0.0 0.0 0.0 0.0
-3.529702 3.8584177 3.9425924 1.0 1.0 0.0 0.0 0.0 -1.0 0.0 0.0 0.0 0.0 0.0 0.0
-3.2258747 3.809932 4.2698994 1.0 1.0 0.0 0.0 0.0 -1.0 0.0 0.0 0.0 0.0 0.0 0.0
-3.0687954 4.2189484 4.1871333 1.0 1.0 0.0 0.0 0.0 -1.0 0.0 0.0 0.0 0.0 0.0 0.0
-2.7222352 4.11869 3.91653 1.0 1.0 0.0 0.0 0.0 -1.0 0.0 0.0 0.0 0.0 0.0 0.0
-2.6355953 4.350317 3.5453162 1.0 1.0 0.0 0.0 0.0 -1.0 0.0 0.0 0.0 0.0 0.0 0.0
-2.1981688 4.246772 3.5213668 1.0 1.0 0.0 0.0 0.0 -1.0 0.0 0.0 0.0 0.0 0.0 0.0
-2.1566095 3.8078191 3.421343 1.0 1.0 0.0 0.0 0.0 -1.0 0.0 0.0 0.0 0.0 0.0 0.0
-1.8297724 3.5270016 3.3473823 1.0 1.0 0.0 0.0 0.0 -1.0 0.0 0.0 0.0 0.0 0.0 0.0
-1.8912892 3.3067622 2.9687722 1.0 1.0 0.0 0.0 0.0 -1.0 0.0 0.0 0.0 0.0 0.0 0.0
-1.7237616 2.898568 3.0227757 1.0 1.0 0.0 0.0 0.0 -1.0 0.0 0.0 0.0 0.0 0.0 0.0
-1.5760742 2.671989 2.803123 1.0 1.0 0.0 0.0 0.0 -1.0 0.0 0.0 0.0 0.0 0.0 0.0
-1.4810989 3.0018785 2.5133836 1.0 1.0 0.0 0.0 0.0 -1.0 0.0 0.0 0.0 0.0 0.0 0.0
-1.2890351 2.7228224 2.2202396 1.0 1.0 0.0 0.0 0.0 -1.0 0.0 0.0 0.0 0.0 0.0 0.0
-1.6676451 2.4917822 2.1750412 1.0 1.0 0.0 0.0 0.0 -1.0 0.0 0.0 0.0 0.0 0.0 0.0
-1.964076 2.8263679 2.11599 1.0 1.0 0.0 0.0 0.0 -1.0 0.0 0.0 0.0 0.0 0.0 0.0
-1.6845504 3.13313 1.9474056 1.0 1.0 0.0 0.0 0.0 -1.0 0.0 0.0 0.0 0.0 0.0 0.0
-1.7291619 3.5673869 1.8545434 1.0 1.0 0.0 0.0 0.0 -1.0 0.0 0.0 0.0 0.0 0.0 0.0
-2.0956798 3.4618456 1.6198639 1.0 1.0 0.0 0.0 0.0 -1.0 0.0 0.0 0.0 0.0 0.0 0.0
-2.3086407 3.3856542 2.0103312 1.0 1.0 0.0 0.0 0.0 -1.0 0.0 0.0 0.0 0.0 0.0 0.0
-2.1931205 3.7958443 2.1476874 1.0 1.0 0.0 0.0 0.0 -1.0 0.0 0.0 0.0 0.0 0.0 0.0
-2.3378727 3.9845035 1.7621508 1.0 1.0 0.0 0.0 0.0 -1.0 0.0 0.0 0.0 0.0 0.0 0.0
-2.7161305 3.7431324 1.77753 1.0 1.0 0.0 0.0 0.0 -1.0 0.0 0.0 0.0 0.0 0.0 0.0
-2.8010094 3.8899977 2.1942945 1.0 1.0 0.0 0.0 0.0 -1.0 0.0 0.0 0.0 0.0 0.0 0.0
-2.7620335 4.3239026 2.0908666 1.0 1.0 0.0 0.0 0.0 -1.0 0.0 0.0 0.0 0.0 0.0 0.0
-3.1609533 4.3244896 1.8962198 1.0 1.0 0.0 0.0 0.0 -1.0 0.0 0.0 0.0 0.0 0.0 0.0
-3.4246302 4.161658 2.2207093 1.0 1.0 0.0 0.0 0.0 -1.0 0.0 0.0 0.0 0.0 0.0 0.0
-3.1595445 4.27753 2.566213 1.0 1.0 0.0 0.0 0.0 -1.0 0.0 0.0 0.0 0.0 0.0 0.0
-2.9639587 4.658723 2.447171 1.0 1.0 0.0 0.0 0.0 -1.0 0.0 0.0 0.0 0.0 0.0 0.0
-2.8551302 4.765673 2.8728578 1.0 1.0 0.0 0.0 0.0 -1.0 0.0 0.0 0.0 0.0 0.0 0.0
-2.6478047 4.379784 2.980277 1.0 1.0 0.0 0.0 0.0 -1.0 0.0 0.0 0.0 0.0 0.0 0.0
-2.2005165 4.3943415 2.9692419 1.0 1.0 0.0 0.0 0.0 -1.0 0.0 0.0 0.0 0.0 0.0 0.0
-1.95398 4.0238323 2.9213433 1.0 1.0 0.0 0.0 0.0 -1.0 0.0 0.0 0.0 0.0 0.0 0.0
-1.5507163 3.8986852 3.061517 1.0 1.0 0.0 0.0 0.0 -1.0 0.0 0.0 0.0 0.0 0.0 0.0
-1.4583236 3.5228927 2.8329422 1.0 1.0 0.0 0.0 0.0 -1.0 0.0 0.0 0.0 0.0 0.0 0.0
-1.1748064 3.2208266 3.0054004 1.0 1.0 0.0 0.0 0.0 -1.0 0.0 0.0 0.0 0.0 0.0 0.0
-1.0410895 2.8622918 2.782461 1.0 1.0 0.0 0.0 0.0 -1.0 0.0 0.0 0.0 0.0 0.0 0.0
-0.7382015 2.8618224 2.457737 1.0 1.0 0.0 0.0 0.0 -1.0 0.0 0.0 0.0 0.0 0.0 0.0
-0.6884246 3.3115757 2.418056 1.0 1.0 0.0 0.0 0.0 -1.0 0.0 0.0 0.0 0.0 0.0 0.0
-0.2871566 3.3646398 2.240432 1.0 1.0 0.0 0.0 0.0 -1.0 0.0 0.0 0.0 0.0 0.0 0.0
-0.029936608 3.6529703 2.0191362 1.0 1.0 0.0 0.0 0.0 -1.0 0.0 0.0 0.0 0.0 0.0 0.0
-0.20814745 3.5248885 1.638765 1.0 1.0 0.0 0.0 0.0 -1.0 0.0 0.0 0.0 0.0 0.0 0.0
-0.63559526 3.5959146 1.7333882 1.0 1.0 0.0 0.0 0.0 -1.0 0.0 0.0 0.0 0.0 0.0 0.0
-0.63489085 3.8963373 2.059756 1.0 1.0 0.0 0.0 0.0 -1.0 0.0 0.0 0.0 0.0 0.0 0.0
-0.7372623 4.2386713 1.7900916 1.0 1.0 0.0 0.0 0.0 -1.0 0.0 0.0 0.0 0.0 0.0 0.0
-1.0797137 4.0058703 1.6170462 1.0 1.0 0.0 0.0 0.0 -1.0 0.0 0.0 0.0 0.0 0.0 0.0
-1.2599202 3.9698286 2.0213666 1.0 1.0 0.0 0.0 0.0 -1.0 0.0 0.0 0.0 0.0 0.0 0.0
-1.2218832 4.4113646 2.0853488 1.0 1.0 0.0 0.0 0.0 -1.0 0.0 0.0 0.0 0.0 0.0 0.0
-1.3772013 4.5017614 1.6764499 1.0 1.0 0.0 0.0 0.0 -1.0 0.0 0.0 0.0 0.0 0.0 0.0
-1.7279879 4.241254 1.7845739 1.0 1.0 0.0 0.0 0.0 -1.0 0.0 0.0 0.0 0.0 0.0 0.0
-1.8241372 4.505753 2.1351259 1.0 1.0 0.0 0.0 0.0 -1.0 0.0 0.0 0.0 0.0 0.0 0.0
-1.6433436 4.310284 2.4933085 1.0 1.0 0.0 0.0 0.0 -1.0 0.0 0.0 0.0 0.0 0.0 0.0
-1.549777 4.5628085 2.856187 1.0 1.0 0.0 0.0 0.0 -1.0 0.0 0.0 0.0 0.0 0.0 0.0
-1.1759803 4.343156 2.9665418 1.0 1.0 0.0 0.0 0.0 -1.0 0.0 0.0 0.0 0.0 0.0 0.0
-0.98720366 3.94224 2.90209 1.0 1.0 0.0 0.0 0.0 -1.0 0.0 0.0 0.0 0.0 0.0 0.0
-0.866518 3.6211553 3.1907728 1.0 1.0 0.0 0.0 0.0 -1.0 0.0 0.0 0.0 0.0 0.0 0.0
-0.48591217 3.4363701 3.045316 1.0 1.0 0.0 0.0 0.0 -1.0 0.0 0.0 0.0 0.0 0.0 0.0
-0.3187368 3.0594037 3.2109652 1.0 1.0 0.0 0.0 0.0 -1.0 0.0 0.0 0.0 0.0 0.0 0.0
-0.021131722 2.794083 3.0122097 1.0 1.0 0.0 0.0 0.0 -1.0 0.0 0.0 0.0 0.0 0.0 0.0
0.064686544 3.0622213 2.6548488 1.0 1.0 0.0 0.0 0.0 -1.0 0.0 0.0 0.0 0.0 0.0 0.0
0.21483916 3.3498476 2.964898 1.0 1.0 0.0 0.0 0.0 -1.0 0.0 0.0 0.0 0.0 0.0 0.0
0.33939895 3.109885 3.322024 1.0 1.0 0.0 0.0 0.0 -1.0 0.0 0.0 0.0 0.0 0.0 0.0
0.5517727 2.7586288 3.1394696 1.0 1.0 0.0 0.0 0.0 -1.0 0.0 0.0 0.0 0.0 0.0 0.0
0.99765205 2.7750647 3.1185727 1.0 1.0 0.0 0.0 0.0 -1.0 0.0 0.0 0.0 0.0 0.0 0.0
1.3496127 2.9340222 3.3418643 1.0 1.0 0.0 0.0 0.0 -1.0 0.0 0.0 0.0 0.0 0.0 0.0
1.2864523 3.3141584 3.5784225 1.0 1.0 0.0 0.0 0.0 -1.0 0.0 0.0 0.0 0.0 0.0 0.0
1.5145575 3.539094 3.262738 1.0 1.0 0.0 0.0 0.0 -1.0 0.0 0.0 0.0 0.0 0.0 0.0
1.2485327 3.3696878 2.9449403 1.0 1.0 0.0 0.0 0.0 -1.0 0.0 0.0 0.0 0.0 0.0 0.0
0.8800188 3.464663 3.1786807 1.0 1.0 0.0 0.0 0.0 -1.0 0.0 0.0 0.0 0.0 0.0 0.0
1.0113877 3.8882368 3.2446587 1.0 1.0 0.0 0.0 0.0 -1.0 0.0 0.0 0.0 0.0 0.0 0.0
1.0773656 3.9569147 2.8073492 1.0 1.0 0.0 0.0 0.0 -1.0 0.0 0.0 0.0 0.0 0.0 0.0
0.68619394 3.7709556 2.7062693 1.0 1.0 0.0 0.0 0.0 -1.0 0.0 0.0 0.0 0.0 0.0 0.0
0.4863818 4.0436726 3.0011742 1.0 1.0 0.0 0.0 0.0 -1.0 0.0 0.0 0.0 0.0 0.0 0.0
0.6928857 4.388119 2.8000705 1.0 1.0 0.0 0.0 0.0 -1.0 0.0 0.0 0.0 0.0 0.0 0.0
0.5559991 4.2299833 2.4078424 1.0 1.0 0.0 0.0 0.0 -1.0 0.0 0.0 0.0 0.0 0.0 0.0
0.13019489 4.19359 2.54062 1.0 1.0 0.0 0.0 0.0 -1.0 0.0 0.0 0.0 0.0 0.0 0.0
0.11986381 4.6061287 2.7203572 1.0 1.0 0.0 0.0 0.0 -1.0 0.0 0.0 0.0 0.0 0.0 0.0
0.28868282 4.7862177 2.336112 1.0 1.0 0.0 0.0 0.0 -1.0 0.0 0.0 0.0 0.0 0.0 0.0
0.014792207 4.558582 2.0676217 1.0 1.0 0.0 0.0 0.0 -1.0 0.0 0.0 0.0 0.0 0.0 0.0
-0.34526885 4.663184 2.3106365 1.0 1.0 0.0 0.0 0.0 -1.0 0.0 0.0 0.0 0.0 0.0 0.0
-0.23338813 5.100728 2.3280113 1.0 1.0 0.0 0.0 0.0 -1.0 0.0 0.0 0.0 0.0 0.0 0.0
-0.19429445 5.077366 1.8823668 1.0 1.0 0.0 0.0 0.0 -1.0 0.0 0.0 0.0 0.0 0.0 0.0
-0.5986147 4.917704 1.7946702 1.0 1.0 0.0 0.0 0.0 -1.0 0.0 0.0 0.0 0.0 0.0 0.0
-2.081592 -0.5058699 3.7585115 1.0 1.0 0.0 0.0 0.0 -1.0 0.0 0.0 0.0 0.0 0.0 0.0
-1.7447759 -0.22552244 3.8201458 1.0 1.0 0.0 0.0 0.0 -1.0 0.0 0.0 0.0 0.0 0.0 0.0
-1.4617282 -0.5652735 3.7893875 1.0 1.0 0.0 0.0 0.0 -1.0 0.0 0.0 0.0 0.0 0.0 0.0
-1.6834939 -0.75510687 3.4517496 1.0 1.0 0.0 0.0 0.0 -1.0 0.0 0.0 0.0 0.0 0.0 0.0
-1.6777414 -0.37544027 3.2093215 1.0 1.0 0.0 0.0 0.0 -1.0 0.0 0.0 0.0 0.0 0.0 0.0
-1.2454802 -0.33364642 3.2998357 1.0 1.0 0.0 0.0 0.0 -1.0 0.0 0.0 0.0 0.0 0.0 0.0
-1.1628317 -0.7513501 3.1596622 1.0 1.0 0.0 0.0 0.0 -1.0 0.0 0.0 0.0 0.0 0.0 0.0
-1.4182907 -0.76942945 2.7932615 1.0 1.0 0.0 0.0 0.0 -1.0 0.0 0.0 0.0 0.0 0.0 0.0
-1.3843626 -0.33951634 2.661423 1.0 1.0 0.0 0.0 0.0 -1.0 0.0 0.0 0.0 0.0 0.0 0.0
-1.7254051 -0.36417 2.377084 1.0 1.0 0.0 0.0 0.0 -1.0 0.0 0.0 0.0 0.0 0.0 0.0
-2.166471 -0.38471475 2.4207563 1.0 1.0 0.0 0.0 0.0 -1.0 0.0 0.0 0.0 0.0 0.0 0.0
-2.421343 -0.46513268 2.0697348 1.0 1.0 0.0 0.0 0.0 -1.0 0.0 0.0 0.0 0.0 0.0 0.0
-2.7627378 -0.18314159 2.06093 1.0 1.0 0.0 0.0 0.0 -1.0 0.0 0.0 0.0 0.0 0.0 0.0
-3.0671518 -0.426626 1.8505518 1.0 1.0 0.0 0.0 0.0 -1.0 0.0 0.0 0.0 0.0 0.0 0.0
-3.3945763 -0.22352666 1.6291384 1.0 1.0 0.0 0.0 0.0 -1.0 0.0 0.0 0.0 0.0 0.0 0.0
-3.6456916 -0.48039448 1.3577131 1.0 1.0 0.0 0.0 0.0 -1.0 0.0 0.0 0.0 0.0 0.0 0.0
-4.056469 -0.49459973 1.1797371 1.0 1.0 0.0 0.0 0.0 -1.0 0.0 0.0 0.0 0.0 0.0 0.0
-4.1810284 -0.89058465 1.350317 1.0 1.0 0.0 0.0 0.0 -1.0 0.0 0.0 0.0 0.0 0.0 0.0
-4.111059 -1.186194 1.6802067 1.0 1.0 0.0 0.0 0.0 -1.0 0.0 0.0 0.0 0.0 0.0 0.0
-3.937779 -1.4698287 1.3874149 1.0 1.0 0.0 0.0 0.0 -1.0 0.0 0.0 0.0 0.0 0.0 0.0
-3.6552007 -1.1725757 1.2087345 1.0 1.0 0.0 0.0 0.0 -1.0 0.0 0.0 0.0 0.0 0.0 0.0
-3.5262973 -1.0367458 1.6155201 1.0 1.0 0.0 0.0 0.0 -1.0 0.0 0.0 0.0 0.0 0.0 0.0
-3.4441183 -1.4540972 1.7544024 1.0 1.0 0.0 0.0 0.0 -1.0 0.0 0.0 0.0 0.0 0.0 0.0
-3.2196524 -1.5608125 1.380958 1.0 1.0 0.0 0.0 0.0 -1.0 0.0 0.0 0.0 0.0 0.0 0.0
-2.968537 -1.1911247 1.4131252 1.0 1.0 0.0 0.0 0.0 -1.0 0.0 0.0 0.0 0.0 0.0 0.0
-2.8878846 -1.2677859 1.8504344 1.0 1.0 0.0 0.0 0.0 -1.0 0.0 0.0 0.0 0.0 0.0 0.0
-2.7492368 -1.6802067 1.7458323 1.0 1.0 0.0 0.0 0.0 -1.0 0.0 0.0 0.0 0.0 0.0 0.0
-2.5082178 -1.5186664 1.4013853 1.0 1.0 0.0 0.0 0.0 -1.0 0.0 0.0 0.0 0.0 0.0 0.0
-2.3055882 -1.2230572 1.6670581 1.0 1.0 0.0 0.0 0.0 -1.0 0.0 0.0 0.0 0.0 0.0 0.0
-2.2299836 -1.5266495 1.9915473 1.0 1.0 0.0 0.0 0.0 -1.0 0.0 0.0 0.0 0.0 0.0 0.0
-2.0737262 -1.8230807 1.6939423 1.0 1.0 0.0 0.0 0.0 -1.0 0.0 0.0 0.0 0.0 0.0 0.0
-1.7970182 -1.4980043 1.558582 1.0 1.0 0.0 0.0 0.0 -1.0 0.0 0.0 0.0 0.0 0.0 0.0
-1.6385303 -1.429561 1.9718245 1.0 1.0 0.0 0.0 0.0 -1.0 0.0 0.0 0.0 0.0 0.0 0.0
-1.8965721 -1.1084763 2.1429913 1.0 1.0 0.0 0.0 0.0 -1.0 0.0 0.0 0.0 0.0 0.0 0.0
-2.0328715 -1.2331533 2.551186 1.0 1.0 0.0 0.0 0.0 -1.0 0.0 0.0 0.0 0.0 0.0 0.0
-2.2518196 -0.86229163 2.679385 1.0 1.0 0.0 0.0 0.0 -1.0 0.0 0.0 0.0 0.0 0.0 0.0
-2.6386476 -0.83493775 2.4705331 1.0 1.0 0.0 0.0 0.0 -1.0 0.0 0.0 0.0 0.0 0.0 0.0
-2.9245126 -0.5031698 2.5268843 1.0 1.0 0.0 0.0 0.0 -1.0 0.0 0.0 0.0 0.0 0.0 0.0
-3.3409252 -0.58147454 2.3775537 1.0 1.0 0.0 0.0 0.0 -1.0 0.0 0.0 0.0 0.0 0.0 0.0
-3.520075 -0.18032403 2.3115757 1.0 1.0 0.0 0.0 0.0 -1.0 0.0 0.0 0.0 0.0 0.0 0.0
-3.948462 -0.10918056 2.4024422 1.0 1.0 0.0 0.0 0.0 -1.0 0.0 0.0 0.0 0.0 0.0 0.0
-4.0143228 0.03240197 1.9839164 1.0 1.0 0.0 0.0 0.0 -1.0 0.0 0.0 0.0 0.0 0.0 0.0
-3.9990609 -0.40502468 1.8833059 1.0 1.0 0.0 0.0 0.0 -1.0 0.0 0.0 0.0 0.0 0.0 0.0
-4.4242783 -0.5556469 1.8683964 1.0 1.0 0.0 0.0 0.0 -1.0 0.0 0.0 0.0 0.0 0.0 0.0
-4.500705 -0.8132191 2.2305708 1.0 1.0 0.0 0.0 0.0 -1.0 0.0 0.0 0.0 0.0 0.0 0.0
-4.085114 -0.7232919 2.3768492 1.0 1.0 0.0 0.0 0.0 -1.0 0.0 0.0 0.0 0.0 0.0 0.0
-4.216835 -0.9328481 2.7511153 1.0 1.0 0.0 0.0 0.0 -1.0 0.0 0.0 0.0 0.0 0.0 0.0
-4.275534 -1.3182672 2.5390937 1.0 1.0 0.0 0.0 0.0 -1.0 0.0 0.0 0.0 0.0 0.0 0.0
-3.886593 -1.2819911 2.3229632 1.0 1.0 0.0 0.0 0.0 -1.0 0.0 0.0 0.0 0.0 0.0 0.0
-3.6621273 -1.2347969 2.7131958 1.0 1.0 0.0 0.0 0.0 -1.0 0.0 0.0 0.0 0.0 0.0 0.0
-3.8855367 -1.5865227 2.885889 1.0 1.0 0.0 0.0 0.0 -1.0 0.0 0.0 0.0 0.0 0.0 0.0
-3.8092275 -1.8445644 2.5275888 1.0 1.0 0.0 0.0 0.0 -1.0 0.0 0.0 0.0 0.0 0.0 0.0
-3.3683963 -1.7385536 2.5400329 1.0 1.0 0.0 0.0 0.0 -1.0 0.0 0.0 0.0 0.0 0.0 0.0
-3.34703 -1.8389294 2.9785163 1.0 1.0 0.0 0.0 0.0 -1.0 0.0 0.0 0.0 0.0 0.0 0.0
-3.1540267 -2.233623 2.874384 1.0 1.0 0.0 0.0 0.0 -1.0 0.0 0.0 0.0 0.0 0.0 0.0
-2.8066447 -2.02031 2.6888945 1.0 1.0 0.0 0.0 0.0 -1.0 0.0 0.0 0.0 0.0 0.0 0.0
-2.7088518 -1.8876498 3.1033108 1.0 1.0 0.0 0.0 0.0 -1.0 0.0 0.0 0.0 0.0 0.0 0.0
-2.5866401 -2.3172107 3.1701105 1.0 1.0 0.0 0.0 0.0 -1.0 0.0 0.0 0.0 0.0 0.0 0.0
-2.2904437 -2.2574549 2.8383424 1.0 1.0 0.0 0.0 0.0 -1.0 0.0 0.0 0.0 0.0 0.0 0.0
-2.144048 -1.8851844 3.0373328 1.0 1.0 0.0 0.0 0.0 -1.0 0.0 0.0 0.0 0.0 0.0 0.0
-2.3820148 -1.5767785 2.8172107 1.0 1.0 0.0 0.0 0.0 -1.0 0.0 0.0 0.0 0.0 0.0 0.0
-2.5059874 -1.2222353 3.0514207 1.0 1.0 0.0 0.0 0.0 -1.0 0.0 0.0 0.0 0.0 0.0 0.0
-2.9094858 -1.0899273 2.911834 1.0 1.0 0.0 0.0 0.0 -1.0 0.0 0.0 0.0 0.0 0.0 0.0
-3.069852 -0.6910073 3.0282931 1.0 1.0 0.0 0.0 0.0 -1.0 0.0 0.0 0.0 0.0 0.0 0.0
-3.370392 -0.39903736 2.8919938 1.0 1.0 0.0 0.0 0.0 -1.0 0.0 0.0 0.0 0.0 0.0 0.0
-3.3169758 0.0 2.6947641 1.0 1.0 0.0 0.0 0.0 -1.0 0.0 0.0 0.0 0.0 0.0 0.0
-3.5761917 0.34843862 2.578305 1.0 1.0 0.0 0.0 0.0 -1.0 0.0 0.0 0.0 0.0 0.0 0.0
-3.7791739 0.30183142 2.971942 1.0 1.0 0.0 0.0 0.0 -1.0 0.0 0.0 0.0 0.0 0.0 0.0
-4.0313454 0.6648275 3.0281758 1.0 1.0 0.0 0.0 0.0 -1.0 0.0 0.0 0.0 0.0 0.0 0.0
-4.3233156 0.5656258 3.3520782 1.0 1.0 0.0 0.0 0.0 -1.0 0.0 0.0 0.0 0.0 0.0 0.0
-4.325429 0.32777646 3.7272837 1.0 1.0 0.0 0.0 0.0 -1.0 0.0 0.0 0.0 0.0 0.0 0.0
-4.6385303 0.062338583 3.5451987 1.0 1.0 0.0 0.0 0.0 -1.0 0.0 0.0 0.0 0.0 0.0 0.0
-4.349848 -0.051420525 3.2209442 1.0 1.0 0.0 0.0 0.0 -1.0 0.0 0.0 0.0 0.0 0.0 0.0
-4.0307584 -0.095914535 3.523245 1.0 1.0 0.0 0.0 0.0 -1.0 0.0 0.0 0.0 0.0 0.0 0.0
-4.284926 -0.3802536 3.7602725 1.0 1.0 0.0 0.0 0.0 -1.0 0.0 0.0 0.0 0.0 0.0 0.0
-4.375675 -0.63289505 3.3998594 1.0 1.0 0.0 0.0 0.0 -1.0 0.0 0.0 0.0 0.0 0.0 0.0
-3.943766 -0.65379196 3.2825782 1.0 1.0 0.0 0.0 0.0 -1.0 0.0 0.0 0.0 0.0 0.0 0.0
-3.8113408 -0.7742428 3.6959383 1.0 1.0 0.0 0.0 0.0 -1.0 0.0 0.0 0.0 0.0 0.0 0.0
-4.157901 -1.0649214 3.7281055 1.0 1.0 0.0 0.0 0.0 -1.0 0.0 0.0 0.0 0.0 0.0 0.0
-4.0192533 -1.2511153 3.3459735 1.0 1.0 0.0 0.0 0.0 -1.0 0.0 0.0 0.0 0.0 0.0 0.0
-3.594623 -1.2981921 3.4837992 1.0 1.0 0.0 0.0 0.0 -1.0 0.0 0.0 0.0 0.0 0.0 0.0
-3.382719 -0.92404324 3.369336 1.0 1.0 0.0 0.0 0.0 -1.0 0.0 0.0 0.0 0.0 0.0 0.0
-2.9886124 -0.90631604 3.5776007 1.0 1.0 0.0 0.0 0.0 -1.0 0.0 0.0 0.0 0.0 0.0 0.0
-2.9363701 -0.46912423 3.498122 1.0 1.0 0.0 0.0 0.0 -1.0 0.0 0.0 0.0 0.0 0.0 0.0
-3.1893637 -0.1141113 3.3795495 1.0 1.0 0.0 0.0 0.0 -1.0 0.0 0.0 0.0 0.0 0.0 0.0
-3.0579948 0.21061282 3.09568 1.0 1.0 0.0 0.0 0.0 -1.0 0.0 0.0 0.0 0.0 0.0 0.0
-3.274008 0.58088756 2.9818034 1.0 1.0 0.0 0.0 0.0 -1.0 0.0 0.0 0.0 0.0 0.0 0.0
-3.1778586 0.9140644 2.6945293 1.0 1.0 0.0 0.0 0.0 -1.0 0.0 0.0 0.0 0.0 0.0 0.0
-3.2643814 1.2187134 3.0156143 1.0 1.0 0.0 0.0 0.0 -1.0 0.0 0.0 0.0 0.0 0.0 0.0
-3.2194178 1.2661424 3.4599674 1.0 1.0 0.0 0.0 0.0 -1.0 0.0 0.0 0.0 0.0 0.0 0.0
-3.5920405 1.1186899 3.656962 1.0 1.0 0.0 0.0 0.0 -1.0 0.0 0.0 0.0 0.0 0.0 0.0
-3.6263208 1.1830243 4.102489 1.0 1.0 0.0 0.0 0.0 -1.0 0.0 0.0 0.0 0.0 0.0 0.0
-3.9745245 0.9015028 4.130078 1.0 1.0 0.0 0.0 0.0 -1.0 0.0 0.0 0.0 0.0 0.0 0.0
-3.7574549 0.5746655 3.916178 1.0 1.0 0.0 0.0 0.0 -1.0 0.0 0.0 0.0 0.0 0.0 0.0
-3.3896456 0.6588402 4.163184 1.0 1.0 0.0 0.0 0.0 -1.0 0.0 0.0 0.0 0.0 0.0 0.0
-3.62996 0.59861475 4.540972 1.0 1.0 0.0 0.0 0.0 -1.0 0.0 0.0 0.0 0.0 0.0 0.0
-3.842334 0.23233153 4.4002113 1.0 1.0 0.0 0.0 0.0 -1.0 0.0 0.0 0.0 0.0 0.0 0.0
-3.456915 0.04320263 4.270956 1.0 1.0 0.0 0.0 0.0 -1.0 0.0 0.0 0.0 0.0 0.0 0.0
-3.2721295 0.1513266 4.6638885 1.0 1.0 0.0 0.0 0.0 -1.0 0.0 0.0 0.0 0.0 0.0 0.0
-3.5973234 -0.052711904 4.8972764 1.0 1.0 0.0 0.0 0.0 -1.0 0.0 0.0 0.0 0.0 0.0 0.0
-3.6037803 -0.40032873 4.6170464 1.0 1.0 0.0 0.0 0.0 -1.0 0.0 0.0 0.0 0.0 0.0 0.0
-3.1584878 -0.44458798 4.6297255 1.0 1.0 0.0 0.0 0.0 -1.0 0.0 0.0 0.0 0.0 0.0 0.0
-3.0975583 -0.42322144 4.1849027 1.0 1.0 0.0 0.0 0.0 -1.0 0.0 0.0 0.0 0.0 0.0 0.0
-2.778117 -0.19218127 3.9747598 1.0 1.0 0.0 0.0 0.0 -1.0 0.0 0.0 0.0 0.0 0.0 0.0
-2.9286218 0.17844564 3.7700164 1.0 1.0 0.0 0.0 0.0 -1.0 0.0 0.0 0.0 0.0 0.0 0.0
-2.6914768 0.4171167 3.4812164 1.0 1.0 0.0 0.0 0.0 -1.0 0.0 0.0 0.0 0.0 0.0 0.0
-2.899742 0.8047665 3.3963373 1.0 1.0 0.0 0.0 0.0 -1.0 0.0 0.0 0.0 0.0 0.0 0.0
-2.789035 1.0505989 3.0385067 1.0 1.0 0.0 0.0 0.0 -1.0 0.0 0.0 0.0 0.0 0.0 0.0
-2.6321907 1.4564453 3.0885186 1.0 1.0 0.0 0.0 0.0 -1.0 0.0 0.0 0.0 0.0 0.0 0.0
-2.4935431 1.7795259 2.80641 1.0 1.0 0.0 0.0 0.0 -1.0 0.0 0.0 0.0 0.0 0.0 0.0
-2.3759098 2.1223292 3.0658607 1.0 1.0 0.0 0.0 0.0 -1.0 0.0 0.0 0.0 0.0 0.0 0.0
-2.1303122 2.2123737 3.4335525 1.0 1.0 0.0 0.0 0.0 -1.0 0.0 0.0 0.0 0.0 0.0 0.0
-2.5057526 2.3145106 3.657549 1.0 1.0 0.0 0.0 0.0 -1.0 0.0 0.0 0.0 0.0 0.0 0.0
-2.6978164 1.9258043 3.5440245 1.0 1.0 0.0 0.0 0.0 -1.0 0.0 0.0 0.0 0.0 0.0 0.0
-2.3210847 1.7135478 3.6544964 1.0 1.0 0.0 0.0 0.0 -1.0 0.0 0.0 0.0 0.0 0.0 0.0
-2.318267 1.9032638 4.058347 1.0 1.0 0.0 0.0 0.0 -1.0 0.0 0.0 0.0 0.0 0.0 0.0
-2.7478282 1.8054708 4.1335998 1.0 1.0 0.0 0.0 0.0 -1.0 0.0 0.0 0.0 0.0 0.0 0.0
-2.6627142 1.376849 4.0230103 1.0 1.0 0.0 0.0 0.0 -1.0 0.0 0.0 0.0 0.0 0.0 0.0
-2.3100493 1.3675747 4.3065276 1.0 1.0 0.0 0.0 0.0 -1.0 0.0 0.0 0.0 0.0 0.0 0.0
-2.578422 1.5285279 4.630313 1.0 1.0 0.0 0.0 0.0 -1.0 0.0 0.0 0.0 0.0 0.0 0.0
-2.846795 1.1813806 4.5490727 1.0 1.0 0.0 0.0 0.0 -1.0 0.0 0.0 0.0 0.0 0.0 0.0
-2.5022306 0.9051421 4.6097674 1.0 1.0 0.0 0.0 0.0 -1.0 0.0 0.0 0.0 0.0 0.0 0.0
-2.3646395 0.8311811 4.189364 1.0 1.0 0.0 0.0 0.0 -1.0 0.0 0.0 0.0 0.0 0.0 0.0
-1.9421226 0.84890825 4.0507164 1.0 1.0 0.0 0.0 0.0 -1.0 0.0 0.0 0.0 0.0 0.0 0.0
-1.978751 0.6112938 3.6738675 1.0 1.0 0.0 0.0 0.0 -1.0 0.0 0.0 0.0 0.0 0.0 0.0
-2.2094388 0.852078 3.383306 1.0 1.0 0.0 0.0 0.0 -1.0 0.0 0.0 0.0 0.0 0.0 0.0
-2.3640528 0.7883306 2.976638 1.0 1.0 0.0 0.0 0.0 -1.0 0.0 0.0 0.0 0.0 0.0 0.0
-2.2274008 1.1343039 2.7263446 1.0 1.0 0.0 0.0 0.0 -1.0 0.0 0.0 0.0 0.0 0.0 0.0
-2.5461376 1.201808 2.4186432 1.0 1.0 0.0 0.0 0.0 -1.0 0.0 0.0 0.0 0.0 0.0 0.0
-2.5412068 1.319089 2.0871098 1.0 1.0 0.0 0.0 0.0 -1.0 0.0 0.0 0.0 0.0 0.0 0.0
-2.100258 1.2443062 2.0501294 1.0 1.0 0.0 0.0 0.0 -1.0 0.0 0.0 0.0 0.0 0.0 0.0
-2.0876968 1.3874149 1.6245598 1.0 1.0 0.0 0.0 0.0 -1.0 0.0 0.0 0.0 0.0 0.0 0.0
-2.2177742 1.7951399 1.7595681 1.0 1.0 0.0 0.0 0.0 -1.0 0.0 0.0 0.0 0.0 0.0 0.0
-1.9567974 1.8533694 2.1121159 1.0 1.0 0.0 0.0 0.0 -1.0 0.0 0.0 0.0 0.0 0.0 0.0
-1.6112938 1.5911013 1.9849731 1.0 1.0 0.0 0.0 0.0 -1.0 0.0 0.0 0.0 0.0 0.0 0.0
-1.2367927 1.4496361 2.1866639 1.0 1.0 0.0 0.0 0.0 -1.0 0.0 0.0 0.0 0.0 0.0 0.0
-1.1598967 1.8854191 2.2586288 1.0 1.0 0.0 0.0 0.0 -1.0 0.0 0.0 0.0 0.0 0.0 0.0
-1.4845035 1.8806058 2.5631604 1.0 1.0 0.0 0.0 0.0 -1.0 0.0 0.0 0.0 0.0 0.0 0.0
-1.3146279 1.52031 2.7640293 1.0 1.0 0.0 0.0 0.0 -1.0 0.0 0.0 0.0 0.0 0.0 0.0
-0.9081945 1.7109652 2.7842216 1.0 1.0 0.0 0.0 0.0 -1.0 0.0 0.0 0.0 0.0 0.0 0.0
-1.0860531 2.0955625 2.9420054 1.0 1.0 0.0 0.0 0.0 -1.0 0.0 0.0 0.0 0.0 0.0 0.0
-1.2926743 1.8788449 3.274243 1.0 1.0 0.0 0.0 0.0 -1.0 0.0 0.0 0.0 0.0 0.0 0.0
-0.90760744 1.6931206 3.4164124 1.0 1.0 0.0 0.0 0.0 -1.0 0.0 0.0 0.0 0.0 0.0 0.0
-0.77142525 2.0885184 3.5749004 1.0 1.0 0.0 0.0 0.0 -1.0 0.0 0.0 0.0 0.0 0.0 0.0
-1.1071848 2.183259 3.855248 1.0 1.0 0.0 0.0 0.0 -1.0 0.0 0.0 0.0 0.0 0.0 0.0
-1.2716601 1.7714252 3.9065511 1.0 1.0 0.0 0.0 0.0 -1.0 0.0 0.0 0.0 0.0 0.0 0.0
-0.9229866 1.495539 3.9096036 1.0 1.0 0.0 0.0 0.0 -1.0 0.0 0.0 0.0 0.0 0.0 0.0
-1.1607186 1.1638882 4.090984 1.0 1.0 0.0 0.0 0.0 -1.0 0.0 0.0 0.0 0.0 0.0 0.0
-1.5031698 1.149918 3.8032403 1.0 1.0 0.0 0.0 0.0 -1.0 0.0 0.0 0.0 0.0 0.0 0.0
-1.4852079 0.8493779 3.4776945 1.0 1.0 0.0 0.0 0.0 -1.0 0.0 0.0 0.0 0.0 0.0 0.0
-1.7136652 0.8551304 3.0948582 1.0 1.0 0.0 0.0 0.0 -1.0 0.0 0.0 0.0 0.0 0.0 0.0
-1.8889412 0.5556469 2.817798 1.0 1.0 0.0 0.0 0.0 -1.0 0.0 0.0 0.0 0.0 0.0 0.0
-1.9828598 0.7839869 2.4491668 1.0 1.0 0.0 0.0 0.0 -1.0 0.0 0.0 0.0 0.0 0.0 0.0
-2.3166237 0.65743136 2.1883073 1.0 1.0 0.0 0.0 0.0 -1.0 0.0 0.0 0.0 0.0 0.0 0.0
-2.394576 0.8429209 1.7905612 1.0 1.0 0.0 0.0 0.0 -1.0 0.0 0.0 0.0 0.0 0.0 0.0
-2.1486263 0.8148627 1.4186429 1.0 1.0 0.0 0.0 0.0 -1.0 0.0 0.0 0.0 0.0 0.0 0.0
-1.8219067 0.55940366 1.5926275 1.0 1.0 0.0 0.0 0.0 -1.0 0.0 0.0 0.0 0.0 0.0 0.0
-1.6417 0.33963373 1.2475934 1.0 1.0 0.0 0.0 0.0 -1.0 0.0 0.0 0.0 0.0 0.0 0.0
-1.285513 0.12632072 1.0948579 1.0 1.0 0.0 0.0 0.0 -1.0 0.0 0.0 0.0 0.0 0.0 0.0
-1.065391 0.50187844 0.9914299 1.0 1.0 0.0 0.0 0.0 -1.0 0.0 0.0 0.0 0.0 0.0 0.0
-1.1292558 0.718596 1.3760272 1.0 1.0 0.0 0.0 0.0 -1.0 0.0 0.0 0.0 0.0 0.0 0.0
-1.1559051 0.40056354 1.6878376 1.0 1.0 0.0 0.0 0.0 -1.0 0.0 0.0 0.0 0.0 0.0 0.0
-0.7237615 0.4402442 1.790209 1.0 1.0 0.0 0.0 0.0 -1.0 0.0 0.0 0.0 0.0 0.0 0.0
-0.7487674 0.88905853 1.8303593 1.0 1.0 0.0 0.0 0.0 -1.0 0.0 0.0 0.0 0.0 0.0 0.0
-1.0766612 0.8283635 2.1274948 1.0 1.0 0.0 0.0 0.0 -1.0 0.0 0.0 0.0 0.0 0.0 0.0
-0.81908906 0.5562339 2.365579 1.0 1.0 0.0 0.0 0.0 -1.0 0.0 0.0 0.0 0.0 0.0 0.0
-0.48180324 0.849143 2.3317683 1.0 1.0 0.0 0.0 0.0 -1.0 0.0 0.0 0.0 0.0 0.0 0.0
-0.74994135 1.1621274 2.5118573 1.0 1.0 0.0 0.0 0.0 -1.0 0.0 0.0 0.0 0.0 0.0 0.0
-0.8048838 0.912186 2.87591 1.0 1.0 0.0 0.0 0.0 -1.0 0.0 0.0 0.0 0.0 0.0 0.0
-1.1992252 0.6945293 2.8271897 1.0 1.0 0.0 0.0 0.0 -1.0 0.0 0.0 0.0 0.0 0.0 0.0
-1.2909135 0.3348204 3.070909 1.0 1.0 0.0 0.0 0.0 -1.0 0.0 0.0 0.0 0.0 0.0 0.0
-1.5071614 0.114346094 2.7421932 1.0 1.0 0.0 0.0 0.0 -1.0 0.0 0.0 0.0 0.0 0.0 0.0
-1.7322142 0.2194177 2.3669877 1.0 1.0 0.0 0.0 0.0 -1.0 0.0 0.0 0.0 0.0 0.0 0.0
-2.159075 0.14134774 2.2561636 1.0 1.0 0.0 0.0 0.0 -1.0 0.0 0.0 0.0 0.0 0.0 0.0
-2.192416 0.041793853 1.8235502 1.0 1.0 0.0 0.0 0.0 -1.0 0.0 0.0 0.0 0.0 0.0 0.0
-2.583353 0.043907017 1.6094154 1.0 1.0 0.0 0.0 0.0 -1.0 0.0 0.0 0.0 0.0 0.0 0.0
-2.6327777 0.071965255 1.165884 1.0 1.0 0.0 0.0 0.0 -1.0 0.0 0.0 0.0 0.0 0.0 0.0
-2.1975815 0.01760977 1.0610472 1.0 1.0 0.0 0.0 0.0 -1.0 0.0 0.0 0.0 0.0 0.0 0.0
-2.2216482 -0.38624093 1.2571026 1.0 1.0 0.0 0.0 0.0 -1.0 0.0 0.0 0.0 0.0 0.0 0.0
-2.6465132 -0.50727874 1.2495892 1.0 1.0 0.0 0.0 0.0 -1.0 0.0 0.0 0.0 0.0 0.0 0.0
-2.8037097 -0.3742663 0.8487908 1.0 1.0 0.0 0.0 0.0 -1.0 0.0 0.0 0.0 0.0 0.0 0.0
-2.8061752 -0.6660014 0.50986147 1.0 1.0 0.0 0.0 0.0 -1.0 0.0 0.0 0.0 0.0 0.0 0.0
-2.889176 -1.1030759 0.5010566 1.0 1.0 0.0 0.0 0.0 -1.0 0.0 0.0 0.0 0.0 0.0 0.0
-2.7794082 -1.3896455 0.83493775 1.0 1.0 0.0 0.0 0.0 -1.0 0.0 0.0 0.0 0.0 0.0 0.0
-2.4187603 -1.5186664 0.5992017 1.0 1.0 0.0 0.0 0.0 -1.0 0.0 0.0 0.0 0.0 0.0 0.0
-2.283165 -1.1024889 0.5304062 1.0 1.0 0.0 0.0 0.0 -1.0 0.0 0.0 0.0 0.0 0.0 0.0
-2.3568914 -1.0030524 0.9633717 1.0 1.0 0.0 0.0 0.0 -1.0 0.0 0.0 0.0 0.0 0.0 0.0
-2.128434 -1.3599436 1.1168115 1.0 1.0 0.0 0.0 0.0 -1.0 0.0 0.0 0.0 0.0 0.0 0.0
-1.7889177 -1.239258 0.85243016 1.0 1.0 0.0 0.0 0.0 -1.0 0.0 0.0 0.0 0.0 0.0 0.0
-1.798427 -0.80828834 0.9685373 1.0 1.0 0.0 0.0 0.0 -1.0 0.0 0.0 0.0 0.0 0.0 0.0
-1.8014793 -0.9496361 1.395985 1.0 1.0 0.0 0.0 0.0 -1.0 0.0 0.0 0.0 0.0 0.0 0.0
-1.4148862 -1.1669407 1.3193239 1.0 1.0 0.0 0.0 0.0 -1.0 0.0 0.0 0.0 0.0 0.0 0.0
-1.2332708 -0.80206627 1.1291384 1.0 1.0 0.0 0.0 0.0 -1.0 0.0 0.0 0.0 0.0 0.0 0.0
-1.3359945 -0.5374501 1.4786335 1.0 1.0 0.0 0.0 0.0 -1.0 0.0 0.0 0.0 0.0 0.0 0.0
-1.165884 -0.82308054 1.7764734 1.0 1.0 0.0 0.0 0.0 -1.0 0.0 0.0 0.0 0.0 0.0 0.0
-0.7831651 -0.8467951 1.5379198 1.0 1.0 0.0 0.0 0.0 -1.0 0.0 0.0 0.0 0.0 0.0 0.0
-0.76567274 -0.40690306 1.4645457 1.0 1.0 0.0 0.0 0.0 -1.0 0.0 0.0 0.0 0.0 0.0 0.0
-0.8308289 -0.3332942 1.9060812 1.0 1.0 0.0 0.0 0.0 -1.0 0.0 0.0 0.0 0.0 0.0 0.0
-0.5258277 -0.63794315 2.0234797 1.0 1.0 0.0 0.0 0.0 -1.0 0.0 0.0 0.0 0.0 0.0 0.0
-0.26168114 -0.44364876 1.717422 1.0 1.0 0.0 0.0 0.0 -1.0 0.0 0.0 0.0 0.0 0.0 0.0
-0.27799955 -0.07783517 1.9713547 1.0 1.0 0.0 0.0 0.0 -1.0 0.0 0.0 0.0 0.0 0.0 0.0
