t = 0
b = 38 38 38
E = 0 0 0
-0.4437141418457031 6.2619452476501465 -0.5310441255569458 0.31685829162597656 -0.07393836975097656 0.945587195456028 0.28942428938891035 -0.9418797227018025 -0.1706321086667132 0 0 0 0 0 0
-0.04987335205078125 5.913249492645264 -0.636909544467926 -0.3995227813720703 -0.3849220275878906 0.8319997042417526 0.38352998307615344 -0.8945025630371174 -0.229669281965419 0 0 0 0 0 0
0.30755615234375 5.422505855560303 -0.5009671449661255 -0.7723903656005859 -0.47460079193115234 0.4220963269472122 0.40065071037109556 -0.8797392071985173 -0.2560225447807565 0 0 0 0 0 0
0.42577362060546875 4.918307781219482 -0.2792416512966156 -0.8597946166992188 -0.1971435546875 -0.47106266021728516 0.3288100050840719 -0.9195042777283258 -0.21533171485002658 0 0 0 0 0 0
0.4071311950683594 4.444446086883545 0.04452313482761383 -0.37444114685058594 0.10213851928710938 -0.9216069802641869 0.23402874320057462 -0.9513291024192082 -0.2005164249329832 0 0 0 0 0 0
0.15461349487304688 3.9029629230499268 0.21891774237155914 0.17652511596679688 0.21796703338623047 -0.9598588943481445 0.24187476706130986 -0.9548689816691487 -0.17235136213887325 0 0 0 0 0 0
-0.23314285278320312 3.44469952583313 0.1730116754770279 0.16249656677246094 0.21863460540771484 -0.9621810913085938 0.235278053181909 -0.9556059742278279 -0.17740595898578207 0 0 0 0 0 0
-0.5081100463867188 3.048907518386841 -0.14842425286769867 0.80078125 0.30174732208251953 -0.5173873528838158 0.2305920378298447 -0.9525541341860013 -0.19864590478095442 0 0 0 0 0 0
-0.5863227844238281 2.7186920642852783 -0.633125364780426 0.9613609313964844 0.19861221313476562 0.19063949584960938 0.2356642880893641 -0.9516640395828712 -0.19694942154995307 0 0 0 0 0 0
-0.3744010925292969 2.4628918170928955 -1.042669415473938 0.7621192932128906 0.058569908142089844 0.6447888910770416 0.23560359429375047 -0.9526916768704827 -0.19193720994914729 0 0 0 0 0 0
0.005558013916015625 2.2994511127471924 -1.431249737739563 0.14768600463867188 -0.2502298355102539 0.9568548202514648 0.371806393424117 -0.8824676803869932 -0.2881631961448569 0 0 0 0 0 0
0.5381317138671875 2.0689690113067627 -1.5004597902297974 -0.2800750732421875 -0.542927086353302 0.7917022705078125 0.5690974857099531 -0.7580645777360512 -0.3185335976161408 0 0 0 0 0 0
0.9947547912597656 1.6756068468093872 -1.4568406343460083 -0.5308723449707031 -0.7475662231445312 0.3991365432739258 0.7149198919354849 -0.6479701206278187 -0.26274060357906354 0 0 0 0 0 0
1.3610916137695312 1.300376057624817 -1.1225320100784302 -0.5876350402832031 -0.8012674748897552 -0.11253833770751953 0.8054929091331761 -0.5661360836323449 -0.17513523241713158 0 0 0 0 0 0
0.47795867919921875 0.47958293557167053 -1.4961377382278442 0.3774261474609375 0.8935929089784622 0.24298667907714844 -0.9252099594767038 0.37500311148196674 0.05802091450519798 0 0 0 0 0 0
0.1253662109375 0.8021194338798523 -1.171087384223938 0.3783702850341797 0.8785484731197357 -0.2915334701538086 -0.892283872991662 0.4299627450138226 0.1376494086728207 0 0 0 0 0 0
0.020320892333984375 1.2226916551589966 -0.7330418229103088 0.28639793395996094 0.7248353958129883 -0.6265735626220703 -0.8252138410044467 0.5189011428514931 0.22308374381899468 0 0 0 0 0 0
-0.027141571044921875 1.6735678911209106 -0.3423520028591156 0.0154876708984375 0.38300037384033203 -0.9236191958189011 -0.6122418110512907 0.733952135756379 0.2940841246320695 0 0 0 0 0 0
0.18862152099609375 2.1552860736846924 0.01117123756557703 -0.4132270812988281 0.02044677734375 -0.9103965410031378 -0.530653690176011 0.8070514651369001 0.2589883271356524 0 0 0 0 0 0
0.5259552001953125 2.7488129138946533 -0.0649796575307846 -0.848236083984375 -0.23458480834960938 -0.4748344048857689 -0.37654926198524463 0.8975795699618321 0.2292254708075205 0 0 0 0 0 0
0.7248458862304688 3.2868950366973877 -0.28022393584251404 -0.9376811981201172 -0.3446769714355469 -0.04414081573486328 -0.3454544960007142 0.9108939610249208 0.22568712777693326 0 0 0 0 0 0
0.6315040588378906 3.730616807937622 -0.7037811875343323 -0.6975269317626953 -0.3502178192138672 0.625147745013237 -0.32339696059133827 0.9323714022182441 0.16148980832915544 0 0 0 0 0 0
0.34474945068359375 4.087155818939209 -1.0208817720413208 -0.430450439453125 -0.2483612298965454 0.867772251367569 -0.24929537725977188 0.9567137010434772 0.15015608824732946 0 0 0 0 0 0
-0.13720703125 4.3892436027526855 -1.079372525215149 0.07393836975097656 -0.11988639831542969 0.9900285303592682 -0.2622342451818461 0.955489830487658 0.13528843147298444 0 0 0 0 0 0
-0.578460693359375 4.661723613739014 -0.8023815751075745 0.6759548187255859 0.06607532501220703 0.7339762151241302 -0.24275666636178067 0.9603570364013079 0.1371115753117544 0 0 0 0 0 0
-0.8140411376953125 4.972341060638428 -0.2786637246608734 0.8678531646728516 0.46273231506347656 -0.1808643341064453 -0.4066919493326238 0.8707618610207607 0.2763439060042307 0 0 0 0 0 0
-0.7936630249023438 5.39198637008667 0.14930523931980133 0.55206298828125 0.5352115631103516 -0.6393527984619141 -0.554101526531221 0.8084800637294977 0.19833953086504996 0 0 0 0 0 0
-0.6275787353515625 5.809895992279053 0.6216830611228943 0.5576801300048828 0.11776924133300781 -0.8216620236635208 -0.38377012634300256 0.9143125934313233 -0.12942435018133783 0 0 0 0 0 0
