-1 1.020795181723762 0.9707951817237619 425.9746685046382 1.0376033823947608 0.6657951817237618 0.6157951817237618 1222.8797282160408 0.6716679915693047
-2 1.1102299694862416 1.0602299694862416 355.2795137049202 1.128989390755563 0.7552299694862414 0.7052299694862414 873.4764593659577 0.7644835053507821
-3 1.0584698484655997 1.0084698484655996 393.5323702307611 1.0761289315895657 0.7034698484655996 0.6534698484655995 1052.689790955099 0.7108327208819563
-4 1.052576917540897 1.002576917540897 398.32785892125145 1.070105796035193 0.697576917540897 0.647576917540897 1076.755319921438 0.7047133781000551
-5 1.0464639757317853 0.9964639757317852 403.4072525400595 1.0638566769234803 0.6914639757317853 0.6414639757317853 1102.6504068150093 0.6983630225952409
-6 1.078129862192123 1.0281298621921229 378.2168356527481 1.096215887346837 0.7231298621921229 0.6731298621921229 978.263347940474 0.7312311272316612
-7 1.0728897718784816 1.0228897718784815 382.1994236284758 1.090863106663264 0.7178897718784816 0.6678897718784815 997.2653714630446 0.7257967349813281
-8 0.9896751941269845 0.9396751941269844 456.31110314327753 1.0057460672581073 0.6346751941269844 0.5846751941269843 1398.5097378899793 0.639236535021465
-9 1.0822126500572609 1.0322126500572608 375.16215644708865 1.100385929596166 0.7272126500572607 0.6772126500572606 963.8534175642335 0.735464068246667
-10 1.0881672879966409 1.0381672879966408 370.7811289425743 1.1064669744525162 0.7331672879966409 0.6831672879966408 943.4339341696357 0.7416357852545079
-11 1.0881672879966409 1.0381672879966408 370.7811289425743 1.1064669744525162 0.7331672879966409 0.6831672879966408 943.4339341696357 0.7416357852545079
-12 1.0986033404368591 1.048603340436859 363.30867788441384 1.1171221633374842 0.7436033404368592 0.6936033404368591 909.2694216104082 0.7524469038868873
-13 1.0881672879966409 1.0381672879966408 370.7811289425743 1.1064669744525162 0.7331672879966409 0.6831672879966408 943.4339341696357 0.7416357852545079
-14 1.0986033404368591 1.048603340436859 363.30867788441384 1.1171221633374842 0.7436033404368592 0.6936033404368591 909.2694216104082 0.7524469038868873
-15 1.051372579765865 1.001372579765865 399.32003083037563 1.0688747193317272 0.6963725797658651 0.646372579765865 1081.7805858522522 0.7034624730116332
-16 1.029373693602982 0.9793736936029821 418.2016176304204 1.046379549698789 0.674373693602982 0.624373693602982 1180.497238543424 0.6805948519817818
-17 1.0549593788308482 1.0049593788308482 396.37729364728216 1.0725410238719644 0.6999593788308482 0.6499593788308482 1066.922149647284 0.7071876640115329
-18 1.1228280148168195 1.0728280148168194 346.9137204679777 1.1418440225529052 0.7678280148168194 0.7178280148168193 837.1726710504399 0.7775166727662125
-19 1.1040581732922596 1.0540581732922596 359.5037568552125 1.12269033651258 0.7490581732922597 0.6990581732922596 892.1903275655649 0.7580951027930826
-20 1.0685810961026656 1.0185810961026656 385.5274656662993 1.0864611735281329 0.7135810961026656 0.6635810961026656 1013.3325563101763 0.7213269417780476
