-1 -2 0.7310251512100032 0.6810251512100032 950.6997470174955 0.7394158157979921
-1 -3 0.6792650301893614 0.6292650301893613 1157.3546279180964 0.6856823669651723
-1 -4 0.6733720992646588 0.6233720992646588 1185.3258287756203 0.6795528688971354
-1 -5 0.6672591574555471 0.617259157455547 1215.479549792135 0.6731918058421832
-1 -6 0.6989250439158847 0.6489250439158847 1071.1736779821554 0.7061135121024016
-1 -7 0.6936849536022434 0.6436849536022433 1093.1295139958984 0.7006705613730014
-1 -8 0.6104703758507461 0.5604703758507461 1563.9016103544961 0.6139566735367528
-1 -9 0.7030078317810224 0.6530078317810224 1054.545719605106 0.7103530393341912
-1 -10 0.7089624697204027 0.6589624697204026 1031.0159549057935 0.7165342355685796
-1 -11 0.7089624697204027 0.6589624697204026 1031.0159549057935 0.7165342355685796
-1 -12 0.719398522160621 0.6693985221606209 991.7345569426503 0.727361613632179
-1 -13 0.7089624697204027 0.6589624697204026 1031.0159549057935 0.7165342355685796
-1 -14 0.719398522160621 0.6693985221606209 991.7345569426503 0.727361613632179
-1 -15 0.6721677614896269 0.6221677614896268 1191.173015543197 0.678299868330155
-1 -16 0.6501688753267438 0.6001688753267438 1306.4713916801202 0.6553927306825276
-1 -17 0.67575456055461 0.62575456055461 1173.890703339977 0.6820312800316335
-1 -18 0.7436231965405812 0.6936231965405811 909.2063081423817 0.7524674671649308
-1 -19 0.7248533550160214 0.6748533550160214 972.1389089645987 0.7330181363964757
-1 -20 0.6893762778264274 0.6393762778264274 1111.719763241956 0.6961936407933697
-2 -3 0.768699817951841 0.7186998179518409 834.7501607539978 0.7784182440870304
-2 -4 0.7628068870271384 0.7128068870271383 851.3471238002279 0.7723232374140807
-2 -5 0.7566939452180268 0.7066939452180268 869.1294801428994 0.7659985259573474
-2 -6 0.7883598316783644 0.7383598316783644 782.9735797181819 0.7987380965454228
-2 -7 0.7831197413647231 0.733119741364723 796.2585968366593 0.7933242542939256
-2 -8 0.6999051636132259 0.6499051636132258 1067.1443331274122 0.7071313635999015
-2 -9 0.7924426195435021 0.7424426195435021 772.8682108247823 0.802955216077645
-2 -10 0.7983972574828823 0.7483972574828822 758.502169693218 0.8091041510208701
-2 -11 0.7983972574828823 0.7483972574828822 758.502169693218 0.8091041510208701
-2 -12 0.8088333099231005 0.7588333099231005 734.341912558795 0.8198761619027027
-2 -13 0.7983972574828823 0.7483972574828822 758.502169693218 0.8091041510208701
-2 -14 0.8088333099231005 0.7588333099231005 734.341912558795 0.8198761619027027
-2 -15 0.7616025492521066 0.7116025492521065 854.804155570668 0.7710773521411723
-2 -16 0.7396036630892235 0.6896036630892235 922.1265249137838 0.7483042820052158
-2 -17 0.7651893483170896 0.7151893483170896 844.5739497148169 0.7747876393813558
-2 -18 0.8330579843030608 0.7830579843030607 682.8272309626901 0.8448589995638931
-2 -19 0.8142881427785011 0.7642881427785011 722.2045548868617 0.8255043250042462
-2 -20 0.7788110655889071 0.7288110655889071 807.4561654556436 0.7888715668729934
-3 -4 0.7110467660064965 0.6610467660064965 1022.9757339635545 0.7186972675548953
-3 -5 0.7049338241973848 0.6549338241973848 1046.8429686787115 0.7123525743523189
-3 -6 0.7365997106577225 0.6865997106577224 931.9745598093668 0.7451923179938358
-3 -7 0.7313596203440811 0.681359620344081 949.5594207201191 0.7397624567484474
-3 -8 0.6481450425925839 0.5981450425925838 1317.9487883579152 0.6532834541185664
-3 -9 0.7406824985228602 0.6906824985228601 918.6301469005125 0.7494217714573173
-3 -10 0.7466371364622404 0.6966371364622403 899.706830419265 0.7555884679307875
-3 -11 0.7466371364622404 0.6966371364622403 899.706830419265 0.7555884679307875
-3 -12 0.7570731889024587 0.7070731889024586 868.009036067754 0.7663909720343831
-3 -13 0.7466371364622404 0.6966371364622403 899.706830419265 0.7555884679307875
-3 -14 0.7570731889024587 0.7070731889024586 868.009036067754 0.7663909720343831
-3 -15 0.7098424282314646 0.6598424282314646 1027.6093286959137 0.7174474707068953
-3 -16 0.6878435420685816 0.6378435420685815 1118.453359776288 0.6946007378717196
-3 -17 0.7134292272964478 0.6634292272964477 1013.9063552812504 0.7211693715763335
-3 -18 0.7812978632824189 0.7312978632824189 800.9627088552983 0.7914416090977758
-3 -19 0.7625280217578592 0.7125280217578591 852.1456068289967 0.7720347593586198
-3 -20 0.7270509445682651 0.6770509445682651 964.4177138687668 0.7352964361237979
-4 -5 0.6990408932726822 0.6490408932726821 1070.6961609710079 0.7062338247880404
-4 -6 0.7307067797330199 0.6807067797330199 951.7872163468958 0.7390858517167046
-4 -7 0.7254666894193784 0.6754666894193784 969.974110523128 0.7336540278425746
-4 -8 0.6422521116678813 0.5922521116678813 1352.279538115812 0.6471398685466436
-4 -9 0.7347895675981576 0.6847895675981576 937.9900409978061 0.7433168158913825
-4 -10 0.7407442055375377 0.6907442055375377 918.430801132227 0.7494856872138118
-4 -11 0.7407442055375377 0.6907442055375377 918.430801132227 0.7494856872138118
-4 -12 0.751180257977756 0.701180257977756 885.68412348092 0.7602919233057365
-4 -13 0.7407442055375377 0.6907442055375377 918.430801132227 0.7494856872138118
-4 -14 0.751180257977756 0.701180257977756 885.68412348092 0.7602919233057365
-4 -15 0.7039494973067619 0.6539494973067619 1050.7684931416754 0.7113306933019978
-4 -16 0.681950611143879 0.631950611143879 1144.95009783966 0.6884749154321049
-4 -17 0.7075362963717451 0.657536296371745 1036.5752776819268 0.7150540190326641
-4 -18 0.7754049323577163 0.7254049323577163 816.4884741695715 0.7853508498238659
-4 -19 0.7566350908331566 0.7066350908331566 869.3035679933363 0.7659376219419399
-4 -20 0.7211580136435625 0.6711580136435624 985.3458264138688 0.7291863731722468
-5 -6 0.7245938379239083 0.6745938379239083 973.0572018434016 0.7327490675432002
-5 -7 0.7193537476102668 0.6693537476102668 991.897991073912 0.727315175534226
-5 -8 0.6361391698587697 0.5861391698587697 1389.3874405167846 0.6407639458340452
-5 -9 0.728676625789046 0.678676625789046 958.7684517016645 0.7369816235422226
-5 -10 0.734631263728426 0.684631263728426 938.5190570837415 0.7431527863336991
-5 -11 0.734631263728426 0.684631263728426 938.5190570837415 0.7431527863336991
-5 -12 0.7450673161686443 0.6950673161686443 904.6347880605609 0.7539629541104688
-5 -13 0.734631263728426 0.684631263728426 938.5190570837415 0.7431527863336991
-5 -14 0.7450673161686443 0.6950673161686443 904.6347880605609 0.7539629541104688
-5 -15 0.6978365554976503 0.6478365554976503 1075.6767751227476 0.7049830420930145
-5 -16 0.6758376693347674 0.6258376693347674 1173.4949371698428 0.6821177283215196
-5 -17 0.7014233545626334 0.6514233545626333 1060.950051476947 0.7087078697388883
-5 -18 0.7692919905486046 0.7192919905486046 833.1110760433784 0.7790306117204115
-5 -19 0.750522149024045 0.700522149024045 887.6937203938285 0.7596106661244947
-5 -20 0.7150450718344509 0.6650450718344508 1007.827582454246 0.7228457988655814
-6 -7 0.7510196340706046 0.7010196340706045 886.1739323219198 0.7601256520489209
-6 -8 0.6678050563191074 0.6178050563191073 1212.7380730677269 0.6737599763666418
-6 -9 0.7603425122493837 0.7103425122493836 858.4452028281739 0.7697737549086976
-6 -10 0.7662971501887638 0.7162971501887637 841.4539136486073 0.7759334295454804
-6 -11 0.7662971501887638 0.7162971501887637 841.4539136486073 0.7759334295454804
-6 -12 0.776733202628982 0.726733202628982 812.9469750456396 0.7867238816634667
-6 -13 0.7662971501887638 0.7162971501887637 841.4539136486073 0.7759334295454804
-6 -14 0.776733202628982 0.726733202628982 812.9469750456396 0.7867238816634667
-6 -15 0.7295024419579881 0.679502441957988 955.9188609314989 0.7378376029886028
-6 -16 0.707503555795105 0.657503555795105 1036.703459611793 0.7150200361768898
-6 -17 0.7330892410229711 0.6830892410229711 943.6971044803222 0.7415549076129402
-6 -18 0.8009578770089423 0.7509578770089422 752.4564762605486 0.8117477366813222
-6 -19 0.7821880354843826 0.7321880354843826 798.6587041476913 0.7923614953239807
-6 -20 0.7467109582947886 0.6967109582947886 899.4761456782517 0.7556649050803518
-7 -8 0.662564966005466 0.612564966005466 1239.459974872011 0.6683051689862441
-7 -9 0.7551024219357423 0.7051024219357422 873.8568325806914 0.7643515045091028
-7 -10 0.7610570598751223 0.7110570598751222 856.3773789839149 0.7705130163373226
-7 -11 0.7610570598751223 0.7110570598751222 856.3773789839149 0.7705130163373226
-7 -12 0.7714931123153406 0.7214931123153405 827.0635945385748 0.7813066221320591
-7 -13 0.7610570598751223 0.7110570598751222 856.3773789839149 0.7705130163373226
-7 -14 0.7714931123153406 0.7214931123153405 827.0635945385748 0.7813066221320591
-7 -15 0.7242623516443466 0.6742623516443466 974.2321616899757 0.7324053742796455
-7 -16 0.7022634654814637 0.6522634654814636 1057.5467547290914 0.7095801820078736
-7 -17 0.7278491507093297 0.6778491507093296 961.6373423538894 0.7361238808498552
-7 -18 0.7957177866953009 0.7457177866953009 764.9128457835644 0.8063374871093371
-7 -19 0.7769479451707413 0.7269479451707412 812.3767357047991 0.7869458514688721
-7 -20 0.7414708679811471 0.6914708679811471 916.0884834520548 0.7502383420828524
-8 -9 0.6718878441842451 0.621887844184245 1192.5385305868306 0.6780086251684898
-8 -10 0.6778424821236252 0.6278424821236251 1164.0111443690919 0.6842029453917826
-8 -11 0.6778424821236252 0.6278424821236251 1164.0111443690919 0.6842029453917826
-8 -12 0.6882785345638435 0.6382785345638434 1116.5358367419446 0.6950528228806699
-8 -13 0.6778424821236252 0.6278424821236251 1164.0111443690919 0.6842029453917826
-8 -14 0.6882785345638435 0.6382785345638434 1116.5358367419446 0.6950528228806699
-8 -15 0.6410477738928495 0.5910477738928495 1359.4672870965599 0.6458839604168167
-8 -16 0.6190488877299665 0.5690488877299664 1501.9702668180155 0.6229219476899185
-8 -17 0.6446345729578326 0.5946345729578325 1338.233833911673 0.6496240029029332
-8 -18 0.7125032089438037 0.6625032089438037 1017.4162589785724 0.7202085557836173
-8 -19 0.6937333674192441 0.643733367419244 1092.9234195822917 0.7007208582188209
-8 -20 0.65825629022965 0.60825629022965 1262.1298683130167 0.6638183712699635
-9 -10 0.7703799380539015 0.7203799380539014 830.1131532839775 0.7801556091914673
-9 -11 0.7703799380539015 0.7203799380539014 830.1131532839775 0.7801556091914673
-9 -12 0.7808159904941198 0.7308159904941197 802.2143882116432 0.7909436328833886
-9 -13 0.7703799380539015 0.7203799380539014 830.1131532839775 0.7801556091914673
-9 -14 0.7808159904941198 0.7308159904941197 802.2143882116432 0.7909436328833886
-9 -15 0.7335852298231258 0.6835852298231258 942.0266423408743 0.7420688787688947
-9 -16 0.7115863436602428 0.6615863436602427 1020.91047923119 0.7192571806328961
-9 -17 0.7371720288881088 0.6871720288881088 930.0854077650396 0.7457852582315023
-9 -18 0.80504066487408 0.75504066487408 742.9765022140436 0.8159620891318442
-9 -19 0.7862708233495204 0.7362708233495203 788.2266938939587 0.7965800023288525
-9 -20 0.7507937461599263 0.7007937461599263 886.863491023764 0.7598918195473742
-10 -11 0.7763345759932816 0.7263345759932816 814.0072170111664 0.7863118321433743
-10 -12 0.7867706284334999 0.7367706284334998 786.9647076150233 0.7970963584142851
-10 -13 0.7763345759932816 0.7263345759932816 814.0072170111664 0.7863118321433743
-10 -14 0.7867706284334999 0.7367706284334998 786.9647076150233 0.7970963584142851
-10 -15 0.7395398677625058 0.6895398677625058 922.3339422296124 0.7482381986672703
-10 -16 0.7175409815996229 0.6675409815996228 998.5509423751636 0.7254349477536873
-10 -17 0.743126666827489 0.6931266668274889 910.7866497219604 0.7519532462837074
-10 -18 0.8109953028134602 0.7609953028134602 729.4921359596826 0.8221070379840864
-10 -19 0.7922254612889005 0.7422254612889004 773.4003987855348 0.8027309357933553
-10 -20 0.7567483840993063 0.7067483840993063 868.9685027548895 0.7660548605138269
-11 -12 0.7867706284334999 0.7367706284334998 786.9647076150233 0.7970963584142851
-11 -13 0.7763345759932816 0.7263345759932816 814.0072170111664 0.7863118321433743
-11 -14 0.7867706284334999 0.7367706284334998 786.9647076150233 0.7970963584142851
-11 -15 0.7395398677625058 0.6895398677625058 922.3339422296124 0.7482381986672703
-11 -16 0.7175409815996229 0.6675409815996228 998.5509423751636 0.7254349477536873
-11 -17 0.743126666827489 0.6931266668274889 910.7866497219604 0.7519532462837074
-11 -18 0.8109953028134602 0.7609953028134602 729.4921359596826 0.8221070379840864
-11 -19 0.7922254612889005 0.7422254612889004 773.4003987855348 0.8027309357933553
-11 -20 0.7567483840993063 0.7067483840993063 868.9685027548895 0.7660548605138269
-12 -13 0.7867706284334999 0.7367706284334998 786.9647076150233 0.7970963584142851
-12 -14 0.7972066808737182 0.7472066808737181 761.3399004938419 0.8078748792827943
-12 -15 0.7499759202027241 0.699975920202724 889.3672207585284 0.7590452044562319
-12 -16 0.7279770340398412 0.6779770340398411 961.1930742535403 0.7362564447966814
-12 -17 0.7535627192677072 0.7035627192677072 878.4695270997994 0.7627579667522795
-12 -18 0.8214313552536785 0.7714313552536785 706.7947703832781 0.8328722017708242
-12 -19 0.8026615137291188 0.7526615137291187 748.477118285898 0.8135063791071836
-12 -20 0.7671844365395246 0.7171844365395246 838.9682479309217 0.7768510909728001
-13 -14 0.7867706284334999 0.7367706284334998 786.9647076150233 0.7970963584142851
-13 -15 0.7395398677625058 0.6895398677625058 922.3339422296124 0.7482381986672703
-13 -16 0.7175409815996229 0.6675409815996228 998.5509423751636 0.7254349477536873
-13 -17 0.743126666827489 0.6931266668274889 910.7866497219604 0.7519532462837074
-13 -18 0.8109953028134602 0.7609953028134602 729.4921359596826 0.8221070379840864
-13 -19 0.7922254612889005 0.7422254612889004 773.4003987855348 0.8027309357933553
-13 -20 0.7567483840993063 0.7067483840993063 868.9685027548895 0.7660548605138269
-14 -15 0.7499759202027241 0.699975920202724 889.3672207585284 0.7590452044562319
-14 -16 0.7279770340398412 0.6779770340398411 961.1930742535403 0.7362564447966814
-14 -17 0.7535627192677072 0.7035627192677072 878.4695270997994 0.7627579667522795
-14 -18 0.8214313552536785 0.7714313552536785 706.7947703832781 0.8328722017708242
-14 -19 0.8026615137291188 0.7526615137291187 748.477118285898 0.8135063791071836
-14 -20 0.7671844365395246 0.7171844365395246 838.9682479309217 0.7768510909728001
-15 -16 0.6807462733688472 0.6307462733688471 1150.4868627190785 0.6872226733569153
-15 -17 0.7063319585967132 0.6563319585967131 1041.3069202565182 0.7138039371865653
-15 -18 0.7742005945826844 0.7242005945826844 819.7210113724568 0.7841058403956828
-15 -19 0.7554307530581248 0.7054307530581247 872.8782175535013 0.7646912972635588
-15 -20 0.7199536758685307 0.6699536758685306 989.7117042785939 0.7279373825391788
-16 -17 0.6843330724338302 0.6343330724338302 1134.1198656477047 0.6909518334257388
-16 -18 0.7522017084198014 0.7022017084198013 882.5793983077585 0.7613492503627907
-16 -19 0.7334318668952418 0.6834318668952417 942.542656861018 0.7419099572405884
-16 -20 0.6979547897056477 0.6479547897056477 1075.186191600406 0.7051058404176332
-17 -18 0.7777873936476676 0.7277873936476675 810.1537727990328 0.7878135269985939
-17 -19 0.7590175521231078 0.7090175521231078 862.3007153780258 0.7684028891956648
-17 -20 0.7235404749335137 0.6735404749335137 976.7986819268033 0.7316568898506733
-18 -19 0.826886188109079 0.776886188109079 695.3827751902936 0.838496854697314
-18 -20 0.791409110919485 0.7414091109194849 775.4063153316004 0.8018877890353799
-19 -20 0.7726392693949253 0.7226392693949253 823.9424245562263 0.7824916648582646